title = title                                                                                                                                                                                                                                                           
signal_units = Null Units
x_units = Null Units
x_distribution = 0                        
-10                      0.1245279681801152       0.1                      
-9.9                     0.1294435324652583       0.1                      
-9.800000000000001       0.074205150557856        0.1                      
-9.699999999999999       0.1180846853070178       0.1                      
-9.6                     0.1013012820344704       0.1                      
-9.5                     0.1741871454792456       0.1                      
-9.4                     0.03653097026315827      0.1                      
-9.300000000000001       0.1450356505357338       0.1                      
-9.199999999999999       0.001695612885925974     0.1                      
-9.1                     0.123293913032789        0.1                      
-9                       0.1992726509666371       0.1                      
-8.9                     0.1849373993041041       0.1                      
-8.800000000000001       0.1770550975831052       0.1                      
-8.699999999999999       0.1593039416397912       0.1                      
-8.6                     0.1639270741877746       0.1                      
-8.5                     0.08496275222603072      0.1                      
-8.4                     0.0596681118369448       0.1                      
-8.300000000000001       0.02604879135980065      0.1                      
-8.199999999999999       0.1916605036653246       0.1                      
-8.1                     0.0914665412295895       0.1                      
-8                       0.1155045388712307       0.1                      
-7.9                     0.1676152279036219       0.1                      
-7.8                     0.1427252877239341       0.1                      
-7.699999999999999       0.07055793144151641      0.1                      
-7.6                     0.09224934762993071      0.1                      
-7.5                     0.1817476257271336       0.1                      
-7.4                     0.07018680293303332      0.1                      
-7.3                     0.1042352960396878       0.1                      
-7.199999999999999       0.1840674785008894       0.1                      
-7.1                     0.1721955416944669       0.1                      
-7                       0.05892645634060268      0.1                      
-6.9                     0.09396219352412502      0.1                      
-6.8                     0.02532305839203264      0.1                      
-6.699999999999999       0.1663043066182962       0.1                      
-6.6                     0.1607282670044143       0.1                      
-6.5                     0.08605638707797006      0.1                      
-6.4                     0.0823065595452918       0.1                      
-6.3                     0.02597470901590664      0.1                      
-6.199999999999999       0.09336658521021955      0.1                      
-6.1                     0.1188142057209993       0.1                      
-6                       0.1550932499403155       0.1                      
-5.9                     0.05176814069213746      0.1                      
-5.8                     0.03263070303339062      0.1                      
-5.7                     0.1444425270664291       0.1                      
-5.6                     0.1134430620742639       0.1                      
-5.5                     0.1155705308339717       0.1                      
-5.4                     0.06629333093728888      0.1                      
-5.3                     0.1545227315765656       0.1                      
-5.199999999999999       0.1481718827210949       0.1                      
-5.1                     0.168669041717593        0.1                      
-5                       0.005824567645673042     0.1                      
-4.9                     0.08331032151936028      0.1                      
-4.8                     0.01503716457207729      0.1                      
-4.699999999999999       0.01142284800440168      0.1                      
-4.6                     0.1141711934398429       0.1                      
-4.5                     0.03003167708338898      0.1                      
-4.4                     0.1224978295783139       0.1                      
-4.3                     0.04239415797149608      0.1                      
-4.199999999999999       0.02725647424608936      0.1                      
-4.1                     0.083937962266469        0.1                      
-4                       0.0178347162246706       0.1                      
-3.9                     0.2011947166114754       0.1                      
-3.8                     0.1219039619676058       0.1                      
-3.699999999999999       0.01016848508864992      0.1                      
-3.6                     0.1454924406763211       0.1                      
-3.5                     0.1736565968307855       0.1                      
-3.4                     0.1857542497195599       0.1                      
-3.3                     0.0804906455943164       0.1                      
-3.199999999999999       0.1354066493762357       0.1                      
-3.1                     0.1942052817985172       0.1                      
-3                       0.06201480728520592      0.1                      
-2.9                     0.09686869157457403      0.1                      
-2.8                     0.1228724270322585       0.1                      
-2.699999999999999       0.09683512604468446      0.1                      
-2.6                     0.05679887634362248      0.1                      
-2.5                     0.1109913028059543       0.1                      
-2.4                     0.0889025357138          0.1                      
-2.3                     0.2097946201590248       0.1                      
-2.199999999999999       0.2180483989423633       0.1                      
-2.1                     0.1181135206777937       0.1                      
-2                       0.2421018548760564       0.1                      
-1.9                     0.1737482643473239       0.1                      
-1.799999999999999       0.2760973058143732       0.1                      
-1.699999999999999       0.2012241355886793       0.1                      
-1.6                     0.2325802758123357       0.1                      
-1.5                     0.2348012521613456       0.1                      
-1.4                     0.2889576603010112       0.1                      
-1.299999999999999       0.2571145517687768       0.1                      
-1.199999999999999       0.3145792468297591       0.1                      
-1.1                     0.3673523336947038       0.1                      
-1                       0.4677664078009916       0.1                      
-0.9000000000000004      0.3847198124146982       0.1                      
-0.7999999999999989      0.5049355654453347       0.1                      
-0.6999999999999993      0.4271857889956484       0.1                      
-0.5999999999999996      0.5865247563971514       0.1                      
-0.5                     0.5471994707192467       0.1                      
-0.3999999999999986      0.551075565558065        0.1                      
-0.2999999999999989      0.5420741968697409       0.1                      
-0.1999999999999993      0.6116962141959086       0.1                      
-0.09999999999999965     0.7525042552841801       0.1                      
0                        0.750318716865289        0.1                      
0.1000000000000014       0.8339140365786104       0.1                      
0.2000000000000011       0.7886902873567802       0.1                      
0.3000000000000007       0.823579768758173        0.1                      
0.4000000000000004       0.9081398782832637       0.1                      
0.5                      1.080023474539131        0.1                      
0.6000000000000014       1.052997863946341        0.1                      
0.7000000000000011       1.075447836097022        0.1                      
0.8000000000000007       1.1086676821257          0.1                      
0.9000000000000004       1.184939161013297        0.1                      
1                        1.408260504176611        0.1                      
1.100000000000001        1.370240756771231        0.1                      
1.200000000000001        1.524465975644065        0.1                      
1.300000000000001        1.417107795061101        0.1                      
1.4                      1.585460151535372        0.1                      
1.5                      1.672882377641655        0.1                      
1.600000000000001        1.648281336200808        0.1                      
1.700000000000001        1.643990468655602        0.1                      
1.800000000000001        1.70262427227312         0.1                      
1.9                      1.788226689894284        0.1                      
2                        1.91317047055744         0.1                      
2.100000000000001        1.877848669785042        0.1                      
2.200000000000001        1.868553425539662        0.1                      
2.300000000000001        1.905096112614334        0.1                      
2.4                      2.055002836732367        0.1                      
2.5                      2.088889780220484        0.1                      
2.6                      1.982480991197247        0.1                      
2.699999999999999        2.168430970398763        0.1                      
2.799999999999999        2.076310395775827        0.1                      
2.899999999999999        2.121892837721471        0.1                      
3                        2.021497246879347        0.1                      
3.1                      2.017097301260622        0.1                      
3.199999999999999        2.152190810142701        0.1                      
3.299999999999999        2.136785738093878        0.1                      
3.399999999999999        2.132871253012136        0.1                      
3.5                      1.95079752365254         0.1                      
3.6                      1.996993781832996        0.1                      
3.699999999999999        2.03167693290313         0.1                      
3.799999999999999        2.041558833376469        0.1                      
3.899999999999999        1.828450973866418        0.1                      
4                        1.836694334186974        0.1                      
4.1                      1.8675092896876          0.1                      
4.199999999999999        1.74061481782257         0.1                      
4.299999999999999        1.732493626214332        0.1                      
4.399999999999999        1.699920462927863        0.1                      
4.5                      1.673581388659986        0.1                      
4.6                      1.59426338439228         0.1                      
4.699999999999999        1.459352827493864        0.1                      
4.799999999999999        1.457998572378012        0.1                      
4.899999999999999        1.387067584211384        0.1                      
5                        1.390510741843796        0.1                      
5.1                      1.300238444401714        0.1                      
5.199999999999999        1.209305187819979        0.1                      
5.299999999999999        1.208146088755233        0.1                      
5.399999999999999        1.086190758039626        0.1                      
5.5                      0.9744361678935646       0.1                      
5.6                      0.8619427533574146       0.1                      
5.699999999999999        0.9645006357040525       0.1                      
5.799999999999999        0.8269918386361528       0.1                      
5.9                      0.7563728282090569       0.1                      
6                        0.8475724898714061       0.1                      
6.1                      0.7071930990564999       0.1                      
6.199999999999999        0.6266682147678137       0.1                      
6.299999999999999        0.6028926343641424       0.1                      
6.4                      0.6591782811166913       0.1                      
6.5                      0.4705847699601717       0.1                      
6.6                      0.4692789350259419       0.1                      
6.699999999999999        0.3771370714898749       0.1                      
6.799999999999999        0.3380078546685972       0.1                      
6.9                      0.3958390593220162       0.1                      
7                        0.4394557913318393       0.1                      
7.1                      0.2979144861392734       0.1                      
7.199999999999999        0.2640530824144672       0.1                      
7.3                      0.2490769341361705       0.1                      
7.4                      0.2096940009893076       0.1                      
7.5                      0.2252694692016702       0.1                      
7.6                      0.3029400149832583       0.1                      
7.699999999999999        0.2402982632736192       0.1                      
7.8                      0.2503871748894668       0.1                      
7.9                      0.2481836476340371       0.1                      
8                        0.1306302519325592       0.1                      
8.1                      0.2406523405442186       0.1                      
8.199999999999999        0.1319520140712571       0.1                      
8.300000000000001        0.1531444453943175       0.1                      
8.399999999999999        0.1204342896590756       0.1                      
8.5                      0.184893743292922        0.1                      
8.6                      0.2354363048314794       0.1                      
8.699999999999999        0.09938251143213397      0.1                      
8.800000000000001        0.06380569183830231      0.1                      
8.899999999999999        0.06290482652541445      0.1                      
9                        0.1859185976186277       0.1                      
9.1                      0.181117037158096        0.1                      
9.199999999999999        0.01911140283956964      0.1                      
9.300000000000001        0.07919258360814224      0.1                      
9.399999999999999        0.04680597222618274      0.1                      
9.5                      0.08462749674032886      0.1                      
9.6                      0.01100046288256142      0.1                      
9.699999999999999        0.0208109145403186       0.1                      
9.800000000000001        0.06156979977190834      0.1                      
9.899999999999999        0.08718047528503968      0.1                      
10                       0.1483508300849605       0.1                      
10.1                     0.1550195526866215       0.1                      
10.2                     0.03489909427602847      0.1                      
10.3                     0.1327286871635394       0.1                      
10.4                     0.08433728799888249      0.1                      
10.5                     0.1459895876079366       0.1                      
10.6                     0.1476303428544184       0.1                      
10.7                     0.04731908702630094      0.1                      
10.8                     0.03795446517618985      0.1                      
10.9                     0.1753768017417995       0.1                      
11                       0.1962995195569042       0.1                      
11.1                     0.1876612714469531       0.1                      
11.2                     0.01992181011114865      0.1                      
11.3                     0.0491210113842735       0.1                      
11.4                     0.1945324646985737       0.1                      
11.5                     0.1030661625994434       0.1                      
11.6                     0.03101910721035321      0.1                      
11.7                     0.1038752035429173       0.1                      
11.8                     0.1587491809642317       0.1                      
11.9                     0.02992597748860921      0.1                      
12                       0.1007654295125207       0.1                      
12.1                     0.1379566422007356       0.1                      
12.2                     0.1846757010017095       0.1                      
12.3                     0.116690213640726        0.1                      
12.4                     0.1975262316205555       0.1                      
12.5                     0.1014228412241513       0.1                      
12.6                     0.1593464943696794       0.1                      
12.7                     0.1282725084909161       0.1                      
12.8                     0.02898685825878403      0.1                      
12.9                     0.1985567848914766       0.1                      
13                       0.1554132017865957       0.1                      
13.1                     0.1870780806232676       0.1                      
13.2                     0.03112586517603866      0.1                      
13.3                     0.1414123660441483       0.1                      
13.4                     0.06462056471587863      0.1                      
13.5                     0.1209005168921262       0.1                      
13.6                     0.04717045036038475      0.1                      
13.7                     0.1163831267347855       0.1                      
13.8                     0.1716285383148841       0.1                      
13.9                     0.103389149337815        0.1                      
14                       0.005826049391421145     0.1                      
14.1                     0.1027338505044595       0.1                      
14.2                     0.09758560455373516      0.1                      
14.3                     0.1485226301111685       0.1                      
14.4                     0.09603406945485747      0.1                      
14.5                     0.01211330169094463      0.1                      
14.6                     0.09818494297219349      0.1                      
14.7                     0.1046196454756405       0.1                      
14.8                     0.171640263988498        0.1                      
14.9                     0.03344000967457353      0.1                      
15                       0.1005454641697065       0.1                      
