-99.9 -2.01e-13 nan
-99.7 -2.06e-13 nan
-99.5 -2.11e-13 nan
-99.3 -2.13e-13 nan
-99.1 -2.46e-13 nan
-98.9 -2.33e-13 nan
-98.7 -2.19e-13 nan
-98.5 -2.15e-13 nan
-98.3 -2.12e-13 nan
-98.1 -2.08e-13 nan
-97.9 -2.13e-13 nan
-97.7 -2.09e-13 nan
-97.5 -1.99e-13 nan
-97.3 -2e-13 nan
-97.1 -2.33e-13 nan
-96.9 -2.33e-13 nan
-96.7 -2.36e-13 nan
-96.5 -2.33e-13 nan
-96.3 -2.23e-13 nan
-96.1 -2.18e-13 nan
-95.9 -2.18e-13 nan
-95.7 -2.21e-13 nan
-95.5 -2.26e-13 nan
-95.3 -2.22e-13 nan
-95.1 -2.5e-13 nan
-94.9 -2.41e-13 nan
-94.7 -2.41e-13 nan
-94.5 -2.4e-13 nan
-94.3 -2.29e-13 nan
-94.1 -2.23e-13 nan
-93.9 -2.14e-13 nan
-93.7 -2.15e-13 nan
-93.5 -2.17e-13 nan
-93.3 -2.2e-13 nan
-93.1 -2.48e-13 nan
-92.9 -2.49e-13 nan
-92.7 -2.43e-13 nan
-92.5 -2.34e-13 nan
-92.3 -2.3e-13 nan
-92.1 -2.2e-13 nan
-91.9 -2.14e-13 nan
-91.7 -2.14e-13 nan
-91.5 -2.12e-13 nan
-91.3 -2.12e-13 nan
-91.1 -2.54e-13 nan
-90.9 -2.45e-13 nan
-90.7 -2.46e-13 nan
-90.5 -2.45e-13 nan
-90.3 -2.31e-13 nan
-90.1 -2.22e-13 nan
-89.9 -2.17e-13 nan
-89.7 -2.12e-13 nan
-89.5 -2.05e-13 nan
-89.3 -2.47e-13 nan
-89.1 -2.53e-13 nan
-88.9 -2.62e-13 nan
-88.7 -2.65e-13 nan
-88.5 -2.46e-13 nan
-88.3 -2.25e-13 nan
-88.1 -2.05e-13 nan
-87.9 -2.04e-13 nan
-87.7 -2.23e-13 nan
-87.5 -2.24e-13 nan
-87.3 -2.51e-13 nan
-87.1 -2.49e-13 nan
-86.9 -2.35e-13 nan
-86.7 -2.3e-13 nan
-86.5 -2.27e-13 nan
-86.3 -2.3e-13 nan
-86.1 -2.27e-13 nan
-85.9 -2.24e-13 nan
-85.7 -2.37e-13 nan
-85.5 -2.7e-13 nan
-85.3 -2.56e-13 nan
-85.1 -2.47e-13 nan
-84.9 -2.39e-13 nan
-84.7 -2.32e-13 nan
-84.5 -2.34e-13 nan
-84.3 -2.24e-13 nan
-84.1 -2.17e-13 nan
-83.9 -2.3e-13 nan
-83.7 -2.29e-13 nan
-83.5 -2.63e-13 nan
-83.3 -2.58e-13 nan
-83.1 -2.46e-13 nan
-82.9 -2.41e-13 nan
-82.7 -2.47e-13 nan
-82.5 -2.53e-13 nan
-82.3 -2.45e-13 nan
-82.1 -2.36e-13 nan
-81.9 -2.34e-13 nan
-81.7 -2.31e-13 nan
-81.5 -2.55e-13 nan
-81.3 -2.42e-13 nan
-81.1 -2.34e-13 nan
-80.9 -2.16e-13 nan
-80.7 -2.11e-13 nan
-80.5 -2.06e-13 nan
-80.3 -1.99e-13 nan
-80.1 -1.99e-13 nan
-79.9 -2.15e-13 nan
-79.7 -2.7e-13 nan
-79.5 -2.71e-13 nan
-79.3 -2.64e-13 nan
-79.1 -2.48e-13 nan
-78.9 -2.34e-13 nan
-78.7 -2.29e-13 nan
-78.5 -2.35e-13 nan
-78.3 -2.27e-13 nan
-78.1 -2.08e-13 nan
-77.9 -2.45e-13 nan
-77.7 -2.34e-13 nan
-77.5 -2.33e-13 nan
-77.3 -2.33e-13 nan
-77.1 -2.3e-13 nan
-76.9 -2.37e-13 nan
-76.7 -2.41e-13 nan
-76.5 -2.22e-13 nan
-76.3 -2.14e-13 nan
-76.1 -2e-13 nan
-75.9 -2.38e-13 nan
-75.7 -2.15e-13 nan
-75.5 -2.03e-13 nan
-75.3 -2.15e-13 nan
-75.1 -2.33e-13 nan
-74.9 -2.2e-13 nan
-74.7 -2.03e-13 nan
-74.5 -1.9e-13 nan
-74.3 -2.01e-13 nan
-74.1 -2.45e-13 nan
-73.9 -2.42e-13 nan
-73.7 -2.18e-13 nan
-73.5 -2.03e-13 nan
-73.3 -2.03e-13 nan
-73.1 -2.14e-13 nan
-72.9 -2.15e-13 nan
-72.7 -1.78e-13 nan
-72.5 -1.54e-13 nan
-72.3 -1.82e-13 nan
-72.1 -1.93e-13 nan
-71.9 -2.07e-13 nan
-71.7 -2.1e-13 nan
-71.5 -1.78e-13 nan
-71.3 -1.37e-13 nan
-71.1 -1.18e-13 nan
-70.9 -9.57e-14 nan
-70.7 -1.01e-13 nan
-70.5 -1.48e-13 nan
-70.3 -1.57e-13 nan
-70.1 -1.76e-13 nan
-69.9 -1.77e-13 nan
-69.7 -1.69e-13 nan
-69.5 -1.38e-13 nan
-69.3 -1.14e-13 nan
-69.1 -1.06e-13 nan
-68.9 -1.02e-13 nan
-68.7 -1.36e-13 nan
-68.5 -1.4e-13 nan
-68.3 -1.37e-13 nan
-68.1 -1.16e-13 nan
-67.9 -9.95e-14 nan
-67.7 -1.01e-13 nan
-67.5 -1.16e-13 nan
-67.3 -1.24e-13 nan
-67.1 -1.38e-13 nan
-66.9 -1.25e-13 nan
-66.7 -1.54e-13 nan
-66.5 -1.31e-13 nan
-66.3 -9.41e-14 nan
-66.1 -9.08e-14 nan
-65.9 -7.44e-14 nan
-65.7 -3.55e-14 nan
-65.5 4.69e-15 nan
-65.3 2.99e-14 nan
-65.1 4.23e-14 nan
-64.9 -9.72e-15 nan
-64.7 -1.11e-14 nan
-64.5 -3.63e-14 nan
-64.3 -5.62e-14 nan
-64.1 -2.76e-14 nan
-63.9 3.82e-15 nan
-63.7 4.57e-15 nan
-63.5 2.87e-14 nan
-63.3 4.12e-14 nan
-63.1 -9.89e-15 nan
-62.9 -6.61e-15 nan
-62.7 -1.76e-14 nan
-62.5 -1.41e-14 nan
-62.3 -2.88e-14 nan
-62.1 2.48e-14 nan
-61.9 7.64e-14 nan
-61.7 1.07e-13 nan
-61.5 8.26e-14 nan
-61.3 7.71e-14 nan
-61.1 1.56e-13 nan
-60.9 1.84e-13 nan
-60.7 1.68e-13 nan
-60.5 1.58e-13 nan
-60.3 1.58e-13 nan
-60.1 1.74e-13 nan
-59.9 2.02e-13 nan
-59.7 1.9e-13 nan
-59.5 2.22e-13 nan
-59.3 2.81e-13 nan
-59.1 3.25e-13 nan
-58.9 3.36e-13 nan
-58.7 3.07e-13 nan
-58.5 3.22e-13 nan
-58.3 3.14e-13 nan
-58.1 2.99e-13 nan
-57.9 2.5e-13 nan
-57.7 2.59e-13 nan
-57.5 2.93e-13 nan
-57.3 3.39e-13 nan
-57.1 3.65e-13 nan
-56.9 4.76e-13 nan
-56.7 5.43e-13 nan
-56.5 5.87e-13 nan
-56.3 5.7e-13 nan
-56.1 5.37e-13 nan
-55.9 5.59e-13 nan
-55.7 5.29e-13 nan
-55.5 5.63e-13 nan
-55.3 5.72e-13 nan
-55.1 5.84e-13 nan
-54.9 6.19e-13 nan
-54.7 6.96e-13 nan
-54.5 7.2e-13 nan
-54.3 7.28e-13 nan
-54.1 8.25e-13 nan
-53.9 8.89e-13 nan
-53.7 9.1e-13 nan
-53.5 8.94e-13 nan
-53.3 8.2e-13 nan
-53.1 7.8e-13 nan
-52.9 7.88e-13 nan
-52.7 8.18e-13 nan
-52.5 9.2e-13 nan
-52.3 1.04e-12 nan
-52.1 1.17e-12 nan
-51.9 1.21e-12 nan
-51.7 1.23e-12 nan
-51.5 1.21e-12 nan
-51.3 1.17e-12 nan
-51.1 1.21e-12 nan
-50.9 1.27e-12 nan
-50.7 1.41e-12 nan
-50.5 1.44e-12 nan
-50.3 1.43e-12 nan
-50.1 1.42e-12 nan
-49.9 1.47e-12 nan
-49.7 1.51e-12 nan
-49.5 1.54e-12 nan
-49.3 1.6e-12 nan
-49.1 1.5e-12 nan
-48.9 1.47e-12 nan
-48.7 1.46e-12 nan
-48.5 1.62e-12 nan
-48.3 1.81e-12 nan
-48.1 1.85e-12 nan
-47.9 1.79e-12 nan
-47.7 1.75e-12 nan
-47.5 1.71e-12 nan
-47.3 1.85e-12 nan
-47.1 1.87e-12 nan
-46.9 1.84e-12 nan
-46.7 1.9e-12 nan
-46.5 2.01e-12 nan
-46.3 2.09e-12 nan
-46.1 2.21e-12 nan
-45.9 2.29e-12 nan
-45.7 2.24e-12 nan
-45.5 2.19e-12 nan
-45.3 2.09e-12 nan
-45.1 2.16e-12 nan
-44.9 2.26e-12 nan
-44.7 2.46e-12 nan
-44.5 2.55e-12 nan
-44.3 2.6e-12 nan
-44.1 2.54e-12 nan
-43.9 2.58e-12 nan
-43.7 2.52e-12 nan
-43.5 2.6e-12 nan
-43.3 2.65e-12 nan
-43.1 2.72e-12 nan
-42.9 2.77e-12 nan
-42.7 2.95e-12 nan
-42.5 2.97e-12 nan
-42.3 3.04e-12 nan
-42.1 3.3e-12 nan
-41.9 3.4e-12 nan
-41.7 3.41e-12 nan
-41.5 3.49e-12 nan
-41.3 3.57e-12 nan
-41.1 3.68e-12 nan
-40.9 3.69e-12 nan
-40.7 3.72e-12 nan
-40.5 3.81e-12 nan
-40.3 3.77e-12 nan
-40.1 3.88e-12 nan
-39.9 3.93e-12 nan
-39.7 3.98e-12 nan
-39.5 3.99e-12 nan
-39.3 4.04e-12 nan
-39.1 4.11e-12 nan
-38.9 4.35e-12 nan
-38.7 4.47e-12 nan
-38.5 4.6e-12 nan
-38.3 4.77e-12 nan
-38.1 4.8e-12 nan
-37.9 4.98e-12 nan
-37.7 5.25e-12 nan
-37.5 5.19e-12 nan
-37.3 5.17e-12 nan
-37.1 5.44e-12 nan
-36.9 5.44e-12 nan
-36.7 5.36e-12 nan
-36.5 5.35e-12 nan
-36.3 5.4e-12 nan
-36.1 5.55e-12 nan
-35.9 5.63e-12 nan
-35.7 5.89e-12 nan
-35.5 6.19e-12 nan
-35.3 6.51e-12 nan
-35.1 6.72e-12 nan
-34.9 6.6e-12 nan
-34.7 6.8e-12 nan
-34.5 7.02e-12 nan
-34.3 7.36e-12 nan
-34.1 7.55e-12 nan
-33.9 8.02e-12 nan
-33.7 8.33e-12 nan
-33.5 8.57e-12 nan
-33.3 8.83e-12 nan
-33.1 9.07e-12 nan
-32.9 9.7e-12 nan
-32.7 1.02e-11 nan
-32.5 1.08e-11 nan
-32.3 1.14e-11 nan
-32.1 1.2e-11 nan
-31.9 1.25e-11 nan
-31.7 1.29e-11 nan
-31.5 1.34e-11 nan
-31.3 1.42e-11 nan
-31.1 1.5e-11 nan
-30.9 1.57e-11 6.53e-26
-30.7 1.67e-11 6.99e-26
-30.5 1.75e-11 7.32e-26
-30.3 1.85e-11 7.8e-26
-30.1 1.97e-11 8.38e-26
-29.9 2.04e-11 8.55e-26
-29.7 2.12e-11 9.04e-26
-29.5 2.27e-11 9.51e-26
-29.3 2.42e-11 1.04e-25
-29.1 2.56e-11 1.08e-25
-28.9 2.66e-11 1.14e-25
-28.7 2.79e-11 1.18e-25
-28.5 2.84e-11 1.23e-25
-28.3 2.86e-11 1.23e-25
-28.1 2.95e-11 1.32e-25
-27.9 3.05e-11 1.35e-25
-27.7 3.1e-11 1.39e-25
-27.5 3.08e-11 1.36e-25
-27.3 3.07e-11 1.38e-25
-27.1 3.07e-11 1.37e-25
-26.9 3.12e-11 1.42e-25
-26.7 3.18e-11 1.43e-25
-26.5 3.19e-11 1.46e-25
-26.3 3.19e-11 1.45e-25
-26.1 3.2e-11 1.47e-25
-25.9 3.21e-11 1.47e-25
-25.7 3.22e-11 1.49e-25
-25.5 3.21e-11 1.47e-25
-25.3 3.27e-11 1.53e-25
-25.1 3.36e-11 1.57e-25
-24.9 3.36e-11 1.59e-25
-24.7 3.4e-11 1.6e-25
-24.5 3.44e-11 1.65e-25
-24.3 3.46e-11 1.63e-25
-24.1 3.48e-11 1.67e-25
-23.9 3.51e-11 1.67e-25
-23.7 3.63e-11 1.77e-25
-23.5 3.74e-11 1.79e-25
-23.3 3.84e-11 1.87e-25
-23.1 3.9e-11 1.88e-25
-22.9 3.94e-11 1.95e-25
-22.7 4.02e-11 1.94e-25
-22.5 4.08e-11 2.01e-25
-22.3 4.21e-11 2.04e-25
-22.1 4.37e-11 2.17e-25
-21.9 4.5e-11 2.22e-25
-21.7 4.66e-11 2.35e-25
-21.5 4.78e-11 2.38e-25
-21.3 4.89e-11 2.47e-25
-21.1 5.07e-11 2.55e-25
-20.9 5.21e-11 2.66e-25
-20.7 5.36e-11 2.74e-25
-20.5 5.56e-11 2.88e-25
-20.3 5.63e-11 2.94e-25
-20.1 5.68e-11 2.94e-25
-19.9 5.87e-11 3.1e-25
-19.7 6.03e-11 3.15e-25
-19.5 6.03e-11 3.21e-25
-19.3 6e-11 3.15e-25
-19.1 6.06e-11 3.29e-25
-18.9 5.97e-11 3.19e-25
-18.7 5.89e-11 3.17e-25
-18.5 5.91e-11 3.2e-25
-18.3 5.73e-11 3.12e-25
-18.1 5.6e-11 3.07e-25
-17.9 5.58e-11 3.08e-25
-17.7 5.48e-11 3.06e-25
-17.5 5.32e-11 2.93e-25
-17.3 5.17e-11 2.91e-25
-17.1 5.05e-11 2.8e-25
-16.9 5.14e-11 2.93e-25
-16.7 5.16e-11 2.96e-25
-16.5 5.1e-11 2.95e-25
-16.3 5.11e-11 2.98e-25
-16.1 5.16e-11 2.99e-25
-15.9 5.16e-11 3.03e-25
-15.7 5.09e-11 2.94e-25
-15.5 5.02e-11 2.97e-25
-15.3 5.05e-11 2.96e-25
-15.1 5.11e-11 3.03e-25
-14.9 5.13e-11 3.08e-25
-14.7 5.17e-11 3.1e-25
-14.5 5.24e-11 3.23e-25
-14.3 5.32e-11 3.22e-25
-14.1 5.33e-11 3.29e-25
-13.9 5.41e-11 3.33e-25
-13.7 5.52e-11 3.42e-25
-13.5 5.53e-11 3.46e-25
-13.3 5.69e-11 3.56e-25
-13.1 5.86e-11 3.77e-25
-12.9 5.98e-11 3.8e-25
-12.7 6.05e-11 3.9e-25
-12.5 6.08e-11 3.94e-25
-12.3 6.13e-11 3.9e-25
-12.1 6.34e-11 4.14e-25
-11.9 6.65e-11 4.31e-25
-11.7 6.75e-11 4.43e-25
-11.5 6.77e-11 4.55e-25
-11.3 6.82e-11 4.52e-25
-11.1 6.97e-11 4.69e-25
-10.9 7.07e-11 4.73e-25
-10.7 7.28e-11 4.91e-25
-10.5 7.46e-11 5.12e-25
-10.3 7.81e-11 5.33e-25
-10.1 7.95e-11 5.54e-25
-9.9 8.2e-11 5.7e-25
-9.7 8.41e-11 5.75e-25
-9.5 8.66e-11 6.1e-25
-9.3 8.89e-11 6.2e-25
-9.1 9.17e-11 6.46e-25
-8.9 9.57e-11 6.87e-25
-8.7 1e-10 7.11e-25
-8.5 1.05e-10 7.64e-25
-8.3 1.08e-10 7.75e-25
-8.1 1.12e-10 7.9e-25
-7.9 1.18e-10 8.58e-25
-7.7 1.26e-10 9.07e-25
-7.5 1.35e-10 9.85e-25
-7.3 1.43e-10 1.06e-24
-7.1 1.5e-10 1.08e-24
-6.9 1.58e-10 1.15e-24
-6.7 1.68e-10 1.23e-24
-6.5 1.8e-10 1.3e-24
-6.3 1.94e-10 1.44e-24
-6.1 2.1e-10 1.58e-24
-5.9 2.26e-10 1.66e-24
-5.7 2.44e-10 1.82e-24
-5.5 2.69e-10 2.02e-24
-5.3 2.97e-10 2.2e-24
-5.1 3.27e-10 2.47e-24
-4.9 3.58e-10 2.72e-24
-4.7 3.96e-10 2.97e-24
-4.5 4.39e-10 3.36e-24
-4.3 4.87e-10 3.74e-24
-4.1 5.43e-10 4.11e-24
-3.9 6.04e-10 4.65e-24
-3.7 6.78e-10 5.28e-24
-3.5 7.63e-10 5.86e-24
-3.3 8.59e-10 6.71e-24
-3.1 9.68e-10 7.65e-24
-2.9 1.09e-09 8.46e-24
-2.7 1.23e-09 9.68e-24
-2.5 1.4e-09 1.12e-23
-2.3 1.58e-09 1.25e-23
-2.1 1.8e-09 1.43e-23
-1.9 2.06e-09 1.68e-23
-1.7 2.36e-09 1.9e-23
-1.5 2.72e-09 2.17e-23
-1.3 3.16e-09 2.58e-23
-1.1 3.71e-09 3.05e-23
-0.9 4.39e-09 3.56e-23
-0.7 5.21e-09 4.28e-23
-0.5 6.2e-09 5.22e-23
-0.3 7.3e-09 6.07e-23
-0.1 8.4e-09 6.96e-23
0.1 9.36e-09 7.97e-23
0.3 9.99e-09 8.61e-23
0.5 1.01e-08 8.64e-23
0.7 9.7e-09 8.37e-23
0.9 8.72e-09 7.74e-23
1.1 7.32e-09 6.53e-23
1.3 5.72e-09 5.07e-23
1.5 4.16e-09 3.74e-23
1.7 2.82e-09 2.6e-23
1.9 1.8e-09 1.66e-23
2.1 1.1e-09 1.01e-23
2.3 6.6e-10 6.17e-24
2.5 4.11e-10 3.94e-24
2.7 2.8e-10 2.69e-24
2.9 2.16e-10 2.07e-24
3.1 1.82e-10 1.78e-24
3.3 1.65e-10 1.65e-24
3.5 1.56e-10 1.57e-24
3.7 1.49e-10 1.49e-24
3.9 1.45e-10 1.46e-24
4.1 1.42e-10 1.47e-24
4.3 1.4e-10 1.46e-24
4.5 1.42e-10 1.47e-24
4.7 1.39e-10 1.43e-24
4.9 1.39e-10 1.46e-24
5.1 1.39e-10 1.5e-24
5.3 1.41e-10 1.52e-24
5.5 1.42e-10 1.5e-24
5.7 1.4e-10 1.5e-24
5.9 1.4e-10 1.51e-24
6.1 1.44e-10 1.6e-24
6.3 1.46e-10 1.61e-24
6.5 1.47e-10 1.62e-24
6.7 1.49e-10 1.64e-24
6.9 1.5e-10 1.67e-24
7.1 1.53e-10 1.72e-24
7.3 1.55e-10 1.75e-24
7.5 1.55e-10 1.73e-24
7.7 1.54e-10 1.71e-24
7.9 1.57e-10 1.77e-24
8.1 1.58e-10 1.84e-24
8.3 1.59e-10 1.88e-24
8.5 1.6e-10 1.86e-24
8.7 1.61e-10 1.83e-24
8.9 1.6e-10 1.82e-24
9.1 1.62e-10 1.88e-24
9.3 1.65e-10 1.96e-24
9.5 1.68e-10 2.05e-24
9.7 1.71e-10 2.08e-24
9.9 1.69e-10 2.02e-24
10.1 1.72e-10 2.05e-24
10.3 1.72e-10 2.06e-24
10.5 1.68e-10 2.04e-24
10.7 1.71e-10 2.13e-24
10.9 1.7e-10 2.14e-24
11.1 1.72e-10 2.18e-24
11.3 1.74e-10 2.2e-24
11.5 1.74e-10 2.21e-24
11.7 1.75e-10 2.21e-24
11.9 1.75e-10 2.19e-24
12.1 1.76e-10 2.25e-24
12.3 1.78e-10 2.32e-24
12.5 1.78e-10 2.36e-24
12.7 1.76e-10 2.36e-24
12.9 1.78e-10 2.39e-24
13.1 1.78e-10 2.35e-24
13.3 1.78e-10 2.35e-24
13.5 1.82e-10 2.42e-24
13.7 1.83e-10 2.44e-24
13.9 1.83e-10 2.45e-24
14.1 1.86e-10 2.5e-24
14.3 1.87e-10 2.52e-24
14.5 1.87e-10 2.54e-24
14.7 1.92e-10 2.63e-24
14.9 1.96e-10 2.76e-24
15.1 1.97e-10 2.82e-24
15.3 1.98e-10 2.85e-24
15.5 2.01e-10 2.9e-24
15.7 2.06e-10 3e-24
15.9 2.06e-10 2.98e-24
16.1 2.11e-10 3.07e-24
16.3 2.13e-10 3.12e-24
16.5 2.2e-10 3.27e-24
16.7 2.22e-10 3.28e-24
16.9 2.26e-10 3.34e-24
17.1 2.28e-10 3.38e-24
17.3 2.38e-10 3.58e-24
17.5 2.43e-10 3.67e-24
17.7 2.44e-10 3.67e-24
17.9 2.48e-10 3.75e-24
18.1 2.51e-10 3.8e-24
18.3 2.58e-10 3.97e-24
18.5 2.69e-10 4.17e-24
18.7 2.75e-10 4.26e-24
18.9 2.82e-10 4.46e-24
19.1 2.91e-10 4.66e-24
19.3 3e-10 4.85e-24
19.5 3.09e-10 5e-24
19.7 3.19e-10 5.21e-24
19.9 3.26e-10 5.37e-24
20.1 3.3e-10 5.42e-24
20.3 3.37e-10 5.59e-24
20.5 3.41e-10 5.71e-24
20.7 3.36e-10 5.63e-24
20.9 3.37e-10 5.62e-24
21.1 3.34e-10 5.56e-24
21.3 3.29e-10 5.46e-24
21.5 3.25e-10 5.43e-24
21.7 3.23e-10 5.43e-24
21.9 3.17e-10 5.34e-24
22.1 3.17e-10 5.45e-24
22.3 3.15e-10 5.55e-24
22.5 3.1e-10 5.49e-24
22.7 3.03e-10 5.42e-24
22.9 3.06e-10 5.5e-24
23.1 3.02e-10 5.38e-24
23.3 2.96e-10 5.22e-24
23.5 2.99e-10 5.31e-24
23.7 3.04e-10 5.46e-24
23.9 3.02e-10 5.46e-24
24.1 3.03e-10 5.6e-24
24.3 3.04e-10 5.68e-24
24.5 3.02e-10 5.6e-24
24.7 3.05e-10 5.63e-24
24.9 3.07e-10 5.71e-24
25.1 3.06e-10 5.77e-24
25.3 3.06e-10 5.8e-24
25.5 3.05e-10 5.81e-24
25.7 3.12e-10 6.03e-24
25.9 3.12e-10 6.06e-24
26.1 3.13e-10 6.05e-24
26.3 3.16e-10 6.19e-24
26.5 3.14e-10 6.2e-24
26.7 3.2e-10 nan
26.9 3.2e-10 nan
27.1 3.27e-10 nan
27.3 3.34e-10 nan
27.5 3.37e-10 nan
27.7 3.44e-10 nan
27.9 3.51e-10 nan
28.1 3.58e-10 nan
28.3 3.59e-10 nan
28.5 3.63e-10 nan
28.7 3.66e-10 nan
28.9 3.7e-10 nan
29.1 3.74e-10 nan
29.3 3.81e-10 nan
29.5 3.78e-10 nan
29.7 3.76e-10 nan
29.9 3.72e-10 nan
30.1 3.77e-10 nan
30.3 3.77e-10 nan
30.5 3.73e-10 nan
30.7 3.72e-10 nan
30.9 3.69e-10 nan
31.1 3.73e-10 nan
31.3 3.79e-10 nan
31.5 3.82e-10 nan
31.7 3.84e-10 nan
31.9 3.89e-10 nan
32.1 3.89e-10 nan
32.3 3.94e-10 nan
32.5 3.89e-10 nan
32.7 3.89e-10 nan
32.9 3.93e-10 nan
33.1 4.01e-10 nan
33.3 4.09e-10 nan
33.5 4.17e-10 nan
33.7 4.3e-10 nan
33.9 4.42e-10 nan
34.1 4.45e-10 nan
34.3 4.37e-10 nan
34.5 4.3e-10 nan
34.7 4.3e-10 nan
34.9 4.23e-10 nan
35.1 4.02e-10 nan
35.3 3.94e-10 nan
35.5 3.83e-10 nan
35.7 3.77e-10 nan
35.9 3.73e-10 nan
36.1 3.68e-10 nan
36.3 3.56e-10 nan
36.5 3.45e-10 nan
36.7 3.48e-10 nan
36.9 3.46e-10 nan
37.1 3.49e-10 nan
37.3 3.45e-10 nan
37.5 3.39e-10 nan
37.7 3.37e-10 nan
37.9 3.37e-10 nan
38.1 3.3e-10 nan
38.3 3.29e-10 nan
38.5 3.3e-10 nan
38.7 3.24e-10 nan
38.9 3.22e-10 nan
39.1 3.2e-10 nan
39.3 3.24e-10 nan
39.5 3.23e-10 nan
39.7 3.21e-10 nan
39.9 3.23e-10 nan
40.1 3.24e-10 nan
40.3 3.24e-10 nan
40.5 3.28e-10 nan
40.7 3.33e-10 nan
40.9 3.34e-10 nan
41.1 3.24e-10 nan
41.3 3.25e-10 nan
41.5 3.24e-10 nan
41.7 3.3e-10 nan
41.9 3.36e-10 nan
42.1 3.34e-10 nan
42.3 3.35e-10 nan
42.5 3.36e-10 nan
42.7 3.42e-10 nan
42.9 3.5e-10 nan
43.1 3.52e-10 nan
43.3 3.45e-10 nan
43.5 3.54e-10 nan
43.7 3.65e-10 nan
43.9 3.64e-10 nan
44.1 3.63e-10 nan
44.3 3.7e-10 nan
44.5 3.72e-10 nan
44.7 3.8e-10 nan
44.9 3.86e-10 nan
45.1 3.8e-10 nan
45.3 3.8e-10 nan
45.5 3.86e-10 nan
45.7 3.9e-10 nan
45.9 3.99e-10 nan
46.1 3.99e-10 nan
46.3 3.98e-10 nan
46.5 4.07e-10 nan
46.7 4.06e-10 nan
46.9 4.13e-10 nan
47.1 4.12e-10 nan
47.3 4.17e-10 nan
47.5 4.06e-10 nan
47.7 4.02e-10 nan
47.9 4.11e-10 nan
48.1 4.13e-10 nan
48.3 4.11e-10 nan
48.5 4.07e-10 nan
48.7 4.05e-10 nan
48.9 4.06e-10 nan
49.1 4.08e-10 nan
49.3 4.1e-10 nan
49.5 4.1e-10 nan
49.7 4.15e-10 nan
49.9 4.11e-10 nan
50.1 4.11e-10 nan
50.3 4.05e-10 nan
50.5 3.99e-10 nan
50.7 4.04e-10 nan
50.9 4.07e-10 nan
51.1 4.02e-10 nan
51.3 4e-10 nan
51.5 4.07e-10 nan
51.7 4.04e-10 nan
51.9 3.95e-10 nan
52.1 3.89e-10 nan
52.3 3.85e-10 nan
52.5 3.87e-10 nan
52.7 3.87e-10 nan
52.9 3.78e-10 nan
53.1 3.72e-10 nan
53.3 3.72e-10 nan
53.5 3.73e-10 nan
53.7 3.62e-10 nan
53.9 3.57e-10 nan
54.1 3.5e-10 nan
54.3 3.58e-10 nan
54.5 3.58e-10 nan
54.7 3.43e-10 nan
54.9 3.46e-10 nan
55.1 3.48e-10 nan
55.3 3.44e-10 nan
55.5 3.43e-10 nan
55.7 3.41e-10 nan
55.9 3.39e-10 nan
56.1 3.37e-10 nan
56.3 3.23e-10 nan
56.5 3.16e-10 nan
56.7 3.07e-10 nan
56.9 3.13e-10 nan
57.1 3.18e-10 nan
57.3 3.01e-10 nan
57.5 3.05e-10 nan
57.7 3.06e-10 nan
57.9 3e-10 nan
58.1 3.05e-10 nan
58.3 3.02e-10 nan
58.5 3.07e-10 nan
58.7 3.02e-10 nan
58.9 2.91e-10 nan
59.1 2.95e-10 nan
59.3 3.08e-10 nan
59.5 3.04e-10 nan
59.7 2.89e-10 nan
59.9 2.85e-10 nan
60.1 3.02e-10 nan
60.3 2.99e-10 nan
60.5 2.84e-10 nan
60.7 2.79e-10 nan
60.9 2.93e-10 nan
61.1 2.82e-10 nan
61.3 2.79e-10 nan
61.5 2.71e-10 nan
61.7 2.82e-10 nan
61.9 2.81e-10 nan
62.1 2.62e-10 nan
62.3 2.67e-10 nan
62.5 2.71e-10 nan
62.7 2.68e-10 nan
62.9 2.62e-10 nan
63.1 2.54e-10 nan
63.3 2.76e-10 nan
63.5 2.64e-10 nan
63.7 2.43e-10 nan
63.9 2.29e-10 nan
64.1 2.54e-10 nan
64.3 2.48e-10 nan
64.5 2.19e-10 nan
64.7 2.03e-10 nan
64.9 2.33e-10 nan
65.1 2.23e-10 nan
65.3 2.15e-10 nan
65.5 2.2e-10 nan
65.7 2.07e-10 nan
65.9 1.91e-10 nan
66.1 1.79e-10 nan
66.3 1.96e-10 nan
66.5 1.83e-10 nan
66.7 1.71e-10 nan
66.9 1.93e-10 nan
67.1 1.85e-10 nan
67.3 1.75e-10 nan
67.5 1.53e-10 nan
67.7 1.7e-10 nan
67.9 1.42e-10 nan
68.1 1.2e-10 nan
68.3 9.78e-11 nan
68.5 1.46e-10 nan
68.7 1.26e-10 nan
68.9 1.05e-10 nan
69.1 1.28e-10 nan
69.3 1.07e-10 nan
69.5 6.89e-11 nan
69.7 1.07e-10 nan
69.9 8.7e-11 nan
70.1 6.13e-11 nan
70.3 2.55e-11 nan
70.5 7e-11 nan
70.7 4.15e-11 nan
70.9 6.91e-12 nan
71.1 3.62e-11 nan
71.3 8.7e-12 nan
71.5 -3.55e-11 nan
71.7 1.67e-11 nan
71.9 -2.29e-11 nan
72.1 -8.59e-11 nan
72.3 -1.93e-11 nan
72.5 -5.57e-11 nan
72.7 -1.23e-10 nan
72.9 -6.54e-11 nan
73.1 -1.02e-10 nan
73.3 -1.54e-10 nan
73.5 -2.47e-10 nan
73.7 -1.25e-10 nan
73.9 -2.06e-10 nan
74.1 -3.34e-10 nan
74.3 -1.94e-10 nan
74.5 -2.72e-10 nan
74.7 -4.18e-10 nan
74.9 -2.57e-10 nan
75.1 -3.51e-10 nan
75.3 -2.66e-10 nan
75.5 -3.33e-10 nan
75.7 -4.33e-10 nan
75.9 -3.24e-10 nan
76.1 -4.23e-10 nan
76.3 -5.99e-10 nan
76.5 -4.52e-10 nan
76.7 -5.59e-10 nan
76.9 -7.07e-10 nan
77.1 -5.47e-10 nan
77.3 -6.93e-10 nan
77.5 -9.48e-10 nan
77.7 -6.9e-10 nan
77.9 -9.23e-10 nan
78.1 -7.38e-10 nan
78.3 -9.11e-10 nan
78.5 -1.18e-09 nan
78.7 -9.2e-10 nan
78.9 -1.18e-09 nan
79.1 -9.99e-10 nan
79.3 -1.21e-09 nan
79.5 -1.65e-09 nan
79.7 -1.26e-09 nan
79.9 -1.6e-09 nan
80.1 -1.35e-09 nan
80.3 -1.69e-09 nan
80.5 -2.17e-09 nan
80.7 -1.8e-09 nan
80.9 -2.39e-09 nan
81.1 -1.96e-09 nan
81.3 -2.48e-09 nan
81.5 -2.16e-09 nan
81.7 -2.68e-09 nan
81.9 -3.63e-09 nan
82.1 -2.96e-09 nan
82.3 -4.23e-09 nan
82.5 -3.28e-09 nan
82.7 -4.6e-09 nan
82.9 -3.81e-09 nan
83.1 -5.15e-09 nan
83.3 -4.4e-09 nan
83.5 -5.94e-09 nan
83.7 -5.15e-09 nan
83.9 -6.96e-09 nan
84.1 -6.04e-09 nan
84.3 -8.63e-09 nan
84.5 -7.5e-09 nan
84.7 -1.08e-08 nan
84.9 -9.23e-09 nan
