-1.004999999999929017e+01 2.634689155363014545e-11 2.295548002419194618e-12
-9.949999999999288747e+00 2.596591520734644885e-11 2.296837003896655228e-12
-9.849999999999287326e+00 2.648824621997233988e-11 2.286347711306926201e-12
-9.749999999999285905e+00 2.771748918153287012e-11 2.303493024728056338e-12
-9.649999999999284483e+00 2.625896125182639675e-11 2.312005493721496584e-12
-9.549999999999283062e+00 2.791377069668139916e-11 2.351352180178967431e-12
-9.449999999999281641e+00 2.809698349895560259e-11 2.351441388852541597e-12
-9.349999999999280220e+00 2.853551441316599911e-11 2.337052099144360844e-12
-9.249999999999278799e+00 3.001074618541059484e-11 2.375095558898731182e-12
-9.149999999999277378e+00 2.891343535638500814e-11 2.394352369779974911e-12
-9.049999999999275957e+00 2.674607444384000082e-11 2.345505295331787111e-12
-8.949999999999274536e+00 2.744760187123579726e-11 2.346516567857817673e-12
-8.849999999999273115e+00 3.209828211809400522e-11 2.428331476693977095e-12
-8.749999999999271694e+00 3.473596993757050890e-11 2.502035562320747753e-12
-8.649999999999270273e+00 3.435483028328906735e-11 2.517332294719510254e-12
-8.549999999999268852e+00 3.255265131487799581e-11 2.479057410535346143e-12
-8.449999999999267430e+00 3.693373364678890796e-11 2.524338468903057343e-12
-8.349999999999266009e+00 3.887501458134869620e-11 2.559195214836280666e-12
-8.249999999999264588e+00 3.613514936508989765e-11 2.552554906209208715e-12
-8.149999999999263167e+00 3.796733467362918019e-11 2.597252403957741200e-12
-8.049999999999261746e+00 3.804052298751335007e-11 2.596528662141378914e-12
-7.949999999999260325e+00 4.047684402652699653e-11 2.617871847503294554e-12
-7.849999999999258904e+00 4.308816438096454186e-11 2.647233518962637148e-12
-7.749999999999257483e+00 4.353340962707929636e-11 2.699722182680130230e-12
-7.649999999999256062e+00 3.960542109339179233e-11 2.664887325264114204e-12
-7.549999999999254641e+00 3.903739029673245977e-11 2.661457166961022029e-12
-7.449999999999253220e+00 3.857337273407489834e-11 2.657464022606834180e-12
-7.349999999999251798e+00 4.029609074995055600e-11 2.673740768796432494e-12
-7.249999999999250377e+00 4.361108606458607990e-11 2.727916549364870672e-12
-7.149999999999248956e+00 4.249778654167779930e-11 2.724925303452013614e-12
-7.049999999999247535e+00 4.083480431064207975e-11 2.722992647231639553e-12
-6.949999999999246114e+00 3.944685613500481129e-11 2.710144189055542218e-12
-6.849999999999244693e+00 4.190759348632836929e-11 2.717039533368052337e-12
-6.749999999999243272e+00 4.445205747812000095e-11 2.764458514385150741e-12
-6.649999999999241851e+00 4.303114591021463823e-11 2.803498352475695610e-12
-6.549999999999240430e+00 4.722939671045830822e-11 2.878553751503282655e-12
-6.449999999999239009e+00 4.861484905864918794e-11 2.890384937238684104e-12
-6.349999999999237588e+00 5.182970179972339795e-11 2.913990574324089754e-12
-6.249999999999236167e+00 5.286686148145854788e-11 2.895660474436325763e-12
-6.149999999999234745e+00 5.486944378923490579e-11 2.935734891005919851e-12
-6.049999999999233324e+00 5.381160133522979332e-11 2.943624120615963242e-12
-5.949999999999231903e+00 5.696391480689050589e-11 3.028193165141486228e-12
-5.849999999999230482e+00 5.876615434698769826e-11 3.064263243179266951e-12
-5.749999999999229061e+00 6.001303751172189274e-11 3.049428597027048116e-12
-5.649999999999227640e+00 6.447299372539305300e-11 3.084826325569307251e-12
-5.549999999999226219e+00 6.542400941217388818e-11 3.106789691721977662e-12
-5.449999999999224798e+00 6.715617819133061856e-11 3.121709570251210014e-12
-5.349999999999223377e+00 6.723686580228030314e-11 3.170405551897111547e-12
-5.249999999999221956e+00 6.440839310583860926e-11 3.165411757947309936e-12
-5.149999999999220535e+00 6.840535777009548376e-11 3.217885197152000379e-12
-5.049999999999219114e+00 7.301782442347491533e-11 3.270690113193072477e-12
-4.949999999999217692e+00 8.096455005103290827e-11 3.346810606366409617e-12
-4.849999999999216271e+00 8.775830865525841979e-11 3.397008485783054784e-12
-4.749999999999214850e+00 8.938308783351553413e-11 3.404488932011605299e-12
-4.649999999999213429e+00 9.073104424272003505e-11 3.447314821572753774e-12
-4.549999999999212008e+00 9.722980765564323973e-11 3.540359175819375711e-12
-4.449999999999210587e+00 1.019607542861209968e-10 3.606980792102408387e-12
-4.349999999999209166e+00 1.109465169336989806e-10 3.705641344604003922e-12
-4.249999999999207745e+00 1.190342670813431475e-10 3.764054666192035206e-12
-4.149999999999206324e+00 1.243166694822923864e-10 3.808043279151770421e-12
-4.049999999999204903e+00 1.340279340542619733e-10 3.876139014238403176e-12
-3.949999999999203482e+00 1.532044459046500823e-10 4.007001985276175942e-12
-3.849999999999202061e+00 1.688494336160420046e-10 4.127219606028795660e-12
-3.749999999999200639e+00 1.901935234104980621e-10 4.310251356820442321e-12
-3.649999999999199218e+00 2.074845228129608383e-10 4.447590444941162789e-12
-3.549999999999197797e+00 2.311418427213000269e-10 4.616590578851452846e-12
-3.449999999999196376e+00 2.612632344655329872e-10 4.841484273015388662e-12
-3.349999999999194955e+00 3.001977170697231071e-10 5.113566350964799862e-12
-3.249999999999193534e+00 3.335791212366100542e-10 5.299753607323975454e-12
-3.149999999999192113e+00 3.902871312445298744e-10 5.640245406784589197e-12
-3.049999999999190692e+00 4.508784013857299835e-10 5.961611666241581693e-12
-2.949999999999189271e+00 5.120509981784700328e-10 6.264770704394410507e-12
-2.849999999999187850e+00 5.864137021096099861e-10 6.605868324657954198e-12
-2.749999999999186429e+00 6.995021480382200746e-10 7.122962305394624254e-12
-2.649999999999185007e+00 8.164525896037801420e-10 7.616310441517448352e-12
-2.549999999999183586e+00 9.265789547916099571e-10 8.026629588690856005e-12
-2.449999999999182165e+00 1.089731911246469933e-09 8.643071594488107394e-12
-2.349999999999180744e+00 1.292815384374260103e-09 9.373967399786563173e-12
-2.249999999999179323e+00 1.514704428457049909e-09 1.009300387136048338e-11
-2.149999999999177902e+00 1.772460742556069866e-09 1.092127172116867324e-11
-2.049999999999176481e+00 2.074932709494799715e-09 1.181219013121206425e-11
-1.949999999999175060e+00 2.453663089639300342e-09 1.283711754391028940e-11
-1.849999999999173639e+00 2.907390543908699041e-09 1.399078311034681097e-11
-1.749999999999172218e+00 3.464516740324400281e-09 1.528865367061047762e-11
-1.649999999999170797e+00 4.139431622449400726e-09 1.671724817797579865e-11
-1.549999999999169376e+00 4.905189062800101132e-09 1.819206009837612247e-11
-1.449999999999167954e+00 5.839123991348297972e-09 1.982917481592619579e-11
-1.349999999999166533e+00 6.998545701155999243e-09 2.178022859351571904e-11
-1.249999999999165112e+00 8.344672824598297895e-09 2.378709521974743417e-11
-1.149999999999163691e+00 9.977911083606400126e-09 2.599548900190321431e-11
-1.049999999999162270e+00 1.196832913327969856e-08 2.849408711428435960e-11
-9.499999999991608490e-01 1.437236308003860106e-08 3.125731993848702509e-11
-8.499999999991594279e-01 1.736803221577900033e-08 3.443396301139863057e-11
-7.499999999991580069e-01 2.096069116440899811e-08 3.791717507212825690e-11
-6.499999999991565858e-01 2.523277512908599088e-08 4.171074460796962092e-11
-5.499999999991551647e-01 3.019019438525800378e-08 4.572505687175373984e-11
-4.499999999991537436e-01 3.564933236951097350e-08 4.980146956001058701e-11
-3.499999999991523225e-01 4.114824263383199163e-08 5.361695065561219471e-11
-2.499999999991509014e-01 4.597546177349100348e-08 5.677693448263570287e-11
-1.499999999991494803e-01 4.940812475458599917e-08 5.902949695182576604e-11
-4.999999999914805926e-02 5.101667697529300756e-08 6.014364347493267765e-11
5.000000000085336183e-02 5.027158374992002216e-08 5.984813511129435466e-11
1.500000000008547829e-01 4.696986330326600104e-08 5.802520459306824243e-11
2.500000000008562040e-01 4.142799816075999588e-08 5.472145050534562879e-11
3.500000000008576251e-01 3.448576019866401221e-08 5.010679509790751428e-11
4.500000000008590462e-01 2.686909779953100050e-08 4.439022081253037053e-11
5.500000000008604673e-01 1.957593703090600465e-08 3.804790415916547203e-11
6.500000000008618883e-01 1.326523268898969804e-08 3.137591767196640127e-11
7.500000000008633094e-01 8.334491418935203019e-09 2.497811341927782911e-11
8.500000000008647305e-01 4.881092716897100211e-09 1.930725904129635241e-11
9.500000000008661516e-01 2.673028095029600363e-09 1.448750741372375399e-11
1.050000000000867573e+00 1.407711861341980091e-09 1.080592997791135725e-11
1.150000000000868994e+00 7.720181400262799150e-10 8.388553013491756393e-12
1.250000000000870415e+00 4.898364077961599296e-10 7.022736464106024878e-12
1.350000000000871836e+00 3.691128662263929931e-10 6.385063011559841763e-12
1.450000000000873257e+00 3.063856073738050564e-10 6.061811616169570015e-12
1.550000000000874678e+00 2.663624524597129588e-10 5.866944293613004971e-12
1.650000000000876099e+00 2.388669027338667876e-10 5.714368443880049640e-12
1.750000000000877520e+00 2.214127227863069774e-10 5.626131940683041370e-12
1.850000000000878941e+00 2.016371631222480259e-10 5.518712784920046704e-12
1.950000000000880362e+00 1.975830442894488014e-10 5.510484003099571417e-12
2.050000000000881784e+00 2.078624826386880630e-10 5.589277346799690590e-12
2.150000000000883205e+00 1.982196362076008899e-10 5.508415612360782394e-12
2.250000000000884626e+00 1.965305757939004946e-10 5.526945329021002626e-12
2.350000000000886047e+00 1.968125563992868467e-10 5.572746384931810986e-12
2.450000000000887468e+00 2.094067524785460238e-10 5.701447467608119228e-12
2.550000000000888889e+00 2.093488423965839866e-10 5.746622453370467570e-12
2.650000000000890310e+00 1.994182915080360020e-10 5.712726093376629736e-12
2.750000000000891731e+00 1.936733131695519743e-10 5.702096387685068780e-12
2.850000000000893152e+00 1.945762206544736539e-10 5.744869456747742832e-12
2.950000000000894573e+00 2.000484158275685791e-10 5.775024449907108090e-12
3.050000000000895994e+00 1.989068525783910054e-10 5.741957594209513699e-12
3.150000000000897415e+00 2.067450011972659418e-10 5.825437458492007024e-12
3.250000000000898837e+00 2.022224655673216635e-10 5.841132201092304348e-12
3.350000000000900258e+00 1.952730845972139959e-10 5.837251012842751022e-12
3.450000000000901679e+00 1.901098091334932922e-10 5.867545359791314006e-12
3.550000000000903100e+00 1.876651661308393688e-10 5.850246353483354041e-12
3.650000000000904521e+00 1.846504099125488317e-10 5.822477400311909452e-12
3.750000000000905942e+00 1.855264233103897678e-10 5.863466182155368035e-12
3.850000000000907363e+00 1.888313321407049494e-10 5.953182656648297565e-12
3.950000000000908784e+00 1.811929650418609441e-10 5.922459043571088511e-12
4.050000000000906653e+00 1.717893889977036028e-10 5.884977780025304136e-12
4.150000000000908074e+00 1.829502222635119658e-10 5.988958781711280684e-12
4.250000000000916600e+00 1.763780855190760378e-10 5.906210250128918478e-12
4.350000000000918021e+00 1.748969020457239012e-10 5.913099149989859193e-12
4.450000000000912337e+00 1.895400246387689668e-10 6.096450706770898959e-12
4.550000000000913758e+00 1.902705250408657129e-10 6.184205296327101665e-12
4.650000000000922284e+00 1.830591909460990669e-10 6.153336358358112835e-12
4.750000000000923706e+00 1.920156567044018576e-10 6.245249577723055582e-12
4.850000000000918021e+00 1.949878625310110082e-10 6.231855498280170228e-12
4.950000000000919442e+00 2.056649111247029721e-10 6.348426335807400400e-12
5.050000000000927969e+00 2.102872137741911821e-10 6.431975094219085339e-12
5.150000000000929390e+00 2.154595464006614293e-10 6.493572109345677773e-12
5.250000000000923706e+00 2.220658918137660452e-10 6.577266795572017841e-12
5.350000000000925127e+00 2.327438033446369380e-10 6.651082775444263799e-12
5.450000000000933653e+00 2.312720346034609736e-10 6.633301197147301963e-12
5.550000000000935074e+00 2.388521201214906438e-10 6.760610607894402296e-12
5.650000000000929390e+00 2.520177328542699330e-10 6.865468651147281188e-12
5.750000000000930811e+00 2.700820687709598776e-10 6.984720449568686709e-12
5.850000000000939337e+00 2.847130411341141362e-10 7.113028912875500631e-12
5.950000000000940759e+00 2.874797776350749392e-10 7.197700936377386311e-12
6.050000000000935074e+00 2.827311757348372988e-10 7.174396226442188637e-12
6.150000000000936495e+00 2.841512881205399281e-10 7.198359431204717829e-12
6.250000000000945022e+00 2.883535516061940704e-10 7.311227831603950401e-12
6.350000000000946443e+00 2.773065834849644596e-10 7.254826149025846089e-12
6.450000000000940759e+00 2.828534135191101021e-10 7.319597186414457141e-12
6.550000000000942180e+00 2.965905985813280101e-10 7.495858057312993951e-12
6.650000000000950706e+00 2.864976528092280091e-10 7.517149360712460039e-12
6.750000000000952127e+00 2.701439518703399727e-10 7.411531086547629809e-12
6.850000000000946443e+00 2.683851531387819109e-10 7.420113833601696661e-12
6.950000000000947864e+00 2.491986228070919843e-10 7.347759168285504068e-12
7.050000000000956391e+00 2.385561999557329433e-10 7.284066355452197424e-12
7.150000000000957812e+00 2.448761759728540015e-10 7.354890436354754130e-12
7.250000000000952127e+00 2.362654945322549990e-10 7.370891359080986149e-12
7.350000000000953548e+00 2.383901105109754324e-10 7.430907713310803993e-12
7.450000000000962075e+00 2.290244018599320554e-10 7.388499117935869663e-12
7.550000000000963496e+00 2.183401328264779914e-10 7.399469066142224909e-12
7.650000000000957812e+00 2.121914956631081068e-10 7.384554473255803478e-12
7.750000000000959233e+00 2.213174476391935280e-10 7.484779582474013142e-12
7.850000000000967759e+00 2.190723405325240209e-10 7.494594782671570477e-12
7.950000000000969180e+00 1.952919724309499640e-10 7.356421288658557129e-12
8.050000000000963496e+00 2.061737617319950431e-10 7.477634673030124492e-12
8.150000000000964917e+00 2.187761794496337878e-10 7.642983252093644689e-12
8.250000000000973444e+00 2.057712692224299327e-10 7.562368122906669558e-12
8.350000000000974865e+00 2.031553737987786011e-10 7.570921451236626781e-12
8.450000000000969180e+00 2.079314823280012195e-10 7.654492800871549111e-12
8.550000000000970601e+00 2.313659415440899654e-10 7.870263685406338155e-12
8.650000000000979128e+00 2.310639747672530651e-10 7.878589528934798396e-12
8.750000000000980549e+00 2.149704835278720380e-10 7.823661025787766338e-12
8.850000000000974865e+00 2.053530979812674210e-10 7.850126065097597886e-12
8.950000000000976286e+00 2.047023635298509310e-10 7.898332658595074050e-12
9.050000000000984812e+00 2.040694747410700440e-10 7.919916376181835482e-12
9.150000000000986233e+00 2.122532064660620623e-10 8.043439735361900640e-12
9.250000000000980549e+00 2.243138686263620289e-10 8.217344393413351742e-12
9.350000000000981970e+00 2.184464703003856734e-10 8.214883347867629905e-12
9.450000000000990497e+00 2.090271864156000371e-10 8.212262327079549545e-12
9.550000000000991918e+00 2.039262277708966719e-10 8.209222717935940162e-12
9.650000000000986233e+00 2.213525242599299785e-10 8.358460780512176458e-12
9.750000000000987654e+00 2.185939821033203671e-10 8.385812893645499426e-12
9.850000000000996181e+00 2.063492415526235069e-10 8.348559041851108530e-12
9.950000000000997602e+00 2.180438852268271582e-10 8.511092546393026124e-12
