-1.004999999999929017e+01 1.337875487469659785e-10 2.441312620707950164e-12
-9.949999999999288747e+00 1.311365139293649695e-10 2.407254826217133087e-12
-9.849999999999287326e+00 1.338198475648780523e-10 2.423761984552452656e-12
-9.749999999999285905e+00 1.337215405035520028e-10 2.440689950672437804e-12
-9.649999999999284483e+00 1.326450698324930692e-10 2.452958974019006904e-12
-9.549999999999283062e+00 1.353149589971379250e-10 2.486085123169262679e-12
-9.449999999999281641e+00 1.414314697343639794e-10 2.541234581382691086e-12
-9.349999999999280220e+00 1.398919152921640389e-10 2.527393508804998144e-12
-9.249999999999278799e+00 1.361058043696560461e-10 2.490970247760089393e-12
-9.149999999999277378e+00 1.388371978759339783e-10 2.500843267365086542e-12
-9.049999999999275957e+00 1.460916076454560243e-10 2.555861116868824494e-12
-8.949999999999274536e+00 1.478107260944590599e-10 2.587879874513446552e-12
-8.849999999999273115e+00 1.454858417917779833e-10 2.609826804415350935e-12
-8.749999999999271694e+00 1.478871952176179670e-10 2.624035475718399504e-12
-8.649999999999270273e+00 1.496615988103669339e-10 2.663684670722950449e-12
-8.549999999999268852e+00 1.470592933250109785e-10 2.625197615846569595e-12
-8.449999999999267430e+00 1.459691580699930310e-10 2.601401451596030281e-12
-8.349999999999266009e+00 1.484601757404859851e-10 2.640858514028727987e-12
-8.249999999999264588e+00 1.528473339876900208e-10 2.700481401414218557e-12
-8.149999999999263167e+00 1.572475763530110067e-10 2.765714442394782783e-12
-8.049999999999261746e+00 1.554308598606420181e-10 2.702982585657729572e-12
-7.949999999999260325e+00 1.558084284457040684e-10 2.699484718140540577e-12
-7.849999999999258904e+00 1.556434290967760220e-10 2.727255128379446237e-12
-7.749999999999257483e+00 1.527785670321810688e-10 2.753498356338537397e-12
-7.649999999999256062e+00 1.557960440438209383e-10 2.783069015264002621e-12
-7.549999999999254641e+00 1.509061463341380159e-10 2.711495354868705972e-12
-7.449999999999253220e+00 1.568882125013379770e-10 2.808964868442080363e-12
-7.349999999999251798e+00 1.569784980217259594e-10 2.772027713930147766e-12
-7.249999999999250377e+00 1.598568065624029506e-10 2.804964842338026488e-12
-7.149999999999248956e+00 1.687363830583069950e-10 2.900738213546173646e-12
-7.049999999999247535e+00 1.714553015903430513e-10 2.903922422031459006e-12
-6.949999999999246114e+00 1.660961327281269913e-10 2.862959454580087981e-12
-6.849999999999244693e+00 1.722531755981399915e-10 2.953900214037318285e-12
-6.749999999999243272e+00 1.739729874187080147e-10 3.009427726954532802e-12
-6.649999999999241851e+00 1.692282434628580047e-10 2.972627842028661979e-12
-6.549999999999240430e+00 1.655072624287189890e-10 2.887539564303221204e-12
-6.449999999999239009e+00 1.674689975818749808e-10 2.876788507218511417e-12
-6.349999999999237588e+00 1.732305070669730348e-10 2.932123892387819583e-12
-6.249999999999236167e+00 1.705465565964049740e-10 2.939197393465062681e-12
-6.149999999999234745e+00 1.736684128545040368e-10 2.998307972717243655e-12
-6.049999999999233324e+00 1.760624544713420069e-10 3.021690337920253002e-12
-5.949999999999231903e+00 1.754612904237180366e-10 3.015317470969003347e-12
-5.849999999999230482e+00 1.773401942902510084e-10 3.052019796225179895e-12
-5.749999999999229061e+00 1.840856434794430399e-10 3.093577003780446950e-12
-5.649999999999227640e+00 1.873558257807678963e-10 3.124887226692374011e-12
-5.549999999999226219e+00 1.872797898423049633e-10 3.147624181372915951e-12
-5.449999999999224798e+00 1.924782056972799962e-10 3.194480667603411872e-12
-5.349999999999223377e+00 1.930308116463700080e-10 3.224142210727874688e-12
-5.249999999999221956e+00 1.947862353723770256e-10 3.270824874851376059e-12
-5.149999999999220535e+00 1.967966117378409932e-10 3.270058262408536472e-12
-5.049999999999219114e+00 2.025018324659400045e-10 3.271800199527644295e-12
-4.949999999999217692e+00 2.057830833922680863e-10 3.292576627408226657e-12
-4.849999999999216271e+00 2.110848364621350900e-10 3.379896952335732295e-12
-4.749999999999214850e+00 2.127282866339959710e-10 3.418192455613420706e-12
-4.649999999999213429e+00 2.125468845948459897e-10 3.433326061078917462e-12
-4.549999999999212008e+00 2.145027875050819578e-10 3.444926725304332663e-12
-4.449999999999210587e+00 2.257072694139199980e-10 3.551465221615787708e-12
-4.349999999999209166e+00 2.311762603268080832e-10 3.590342181543049002e-12
-4.249999999999207745e+00 2.343885642492525012e-10 3.589463018949294649e-12
-4.149999999999206324e+00 2.482997559172870047e-10 3.693865045401525928e-12
-4.049999999999204903e+00 2.616188202886939318e-10 3.767781343771042310e-12
-3.949999999999203482e+00 2.754689418607623448e-10 3.872975731322116257e-12
-3.849999999999202061e+00 2.837948284440682202e-10 3.965787659605138135e-12
-3.749999999999200639e+00 3.014009762086342427e-10 4.115228288580655577e-12
-3.649999999999199218e+00 3.202812224707527767e-10 4.263092283798800817e-12
-3.549999999999197797e+00 3.337854769892140154e-10 4.380514102508371717e-12
-3.449999999999196376e+00 3.588398034738468930e-10 4.531956842741082802e-12
-3.349999999999194955e+00 3.891144668120699297e-10 4.677819877813100185e-12
-3.249999999999193534e+00 4.146046520548791091e-10 4.822831010268067725e-12
-3.149999999999192113e+00 4.540882001123368921e-10 5.060030730661610048e-12
-3.049999999999190692e+00 5.051810191413269685e-10 5.303227869666867906e-12
-2.949999999999189271e+00 5.596623699600649810e-10 5.561540288419154285e-12
-2.849999999999187850e+00 6.298572769669250622e-10 5.911410760641654932e-12
-2.749999999999186429e+00 6.995666804615300664e-10 6.275673298642006060e-12
-2.649999999999185007e+00 7.831403437862509344e-10 6.658778966066893510e-12
-2.549999999999183586e+00 8.938798673201411541e-10 7.135801351745087266e-12
-2.449999999999182165e+00 1.024179460584278971e-09 7.623281452584444474e-12
-2.349999999999180744e+00 1.172446933038716008e-09 8.157059400783108644e-12
-2.249999999999179323e+00 1.353435535200791575e-09 8.815643173317764648e-12
-2.149999999999177902e+00 1.580422456564827283e-09 9.574169107846604667e-12
-2.049999999999176481e+00 1.858316981554180180e-09 1.042638610844324833e-11
-1.949999999999175060e+00 2.182246575963922802e-09 1.133626582186720058e-11
-1.849999999999173639e+00 2.538630451658310278e-09 1.223976778527327664e-11
-1.749999999999172218e+00 2.995129569120635172e-09 1.329682754523388487e-11
-1.649999999999170797e+00 3.546124050386944959e-09 1.448024080177249110e-11
-1.549999999999169376e+00 4.192430284908974249e-09 1.574901047551498014e-11
-1.449999999999167954e+00 4.990515767304204140e-09 1.721973749753076254e-11
-1.349999999999166533e+00 5.923028961594917014e-09 1.879680453479265384e-11
-1.249999999999165112e+00 7.107193592606651465e-09 2.062067037553377609e-11
-1.149999999999163691e+00 8.495037774258805820e-09 2.256517483095182464e-11
-1.049999999999162270e+00 1.015600203574530229e-08 2.472998195860246100e-11
-9.499999999991608490e-01 1.222208685990586726e-08 2.715127227485042549e-11
-8.499999999991594279e-01 1.478772458923084762e-08 2.989281551961905005e-11
-7.499999999991580069e-01 1.790777830704708028e-08 3.303238933503161024e-11
-6.499999999991565858e-01 2.161760515300774231e-08 3.640326831421948158e-11
-5.499999999991551647e-01 2.617409580155501096e-08 4.015394630760710678e-11
-4.499999999991537436e-01 3.162793105160368061e-08 4.426948034898622382e-11
-3.499999999991523225e-01 3.756068778379218110e-08 4.837494368578537694e-11
-2.499999999991509014e-01 4.363026560620460854e-08 5.228075658857842897e-11
-1.499999999991494803e-01 4.924387906268284543e-08 5.581438128107698803e-11
-4.999999999914805926e-02 5.364084657657497076e-08 5.849486725885538847e-11
5.000000000085336183e-02 5.575921282773830893e-08 5.980354058763574182e-11
1.500000000008547829e-01 5.537636916139068077e-08 5.976851591386028067e-11
2.500000000008562040e-01 5.244809857437842715e-08 5.839245738845197207e-11
3.500000000008576251e-01 4.682815775061706085e-08 5.538810568719249509e-11
4.500000000008590462e-01 3.938936152643836390e-08 5.096192102953706384e-11
5.500000000008604673e-01 3.109777135297532632e-08 4.546778780659456982e-11
6.500000000008618883e-01 2.307841758860270586e-08 3.933955076222356210e-11
7.500000000008633094e-01 1.596722239128345333e-08 3.288531126091307952e-11
8.500000000008647305e-01 1.024533344632955114e-08 2.642412636107709539e-11
9.500000000008661516e-01 6.083864484940735965e-09 2.039047839848616098e-11
1.050000000000867573e+00 3.444618207565283337e-09 1.541337798318997739e-11
1.150000000000868994e+00 1.920513749331664509e-09 1.155141387248365131e-11
1.250000000000870415e+00 1.128266300731454446e-09 8.859304824300550112e-12
1.350000000000871836e+00 7.651498488668979530e-10 7.314442571391954444e-12
1.450000000000873257e+00 5.998607264449629947e-10 6.510697228723365038e-12
1.550000000000874678e+00 5.248474796259350151e-10 6.119033018468362727e-12
1.650000000000876099e+00 4.755857247832599549e-10 5.821825268515150518e-12
1.750000000000877520e+00 4.485320133698930363e-10 5.672025623783521367e-12
1.850000000000878941e+00 4.422002281739838817e-10 5.692114768719158233e-12
1.950000000000880362e+00 4.294314467718601221e-10 5.647587959319229027e-12
2.050000000000881784e+00 4.172123236493430134e-10 5.560923922378208176e-12
2.150000000000883205e+00 4.126416305430269665e-10 5.513358349711257928e-12
2.250000000000884626e+00 4.067294423748333549e-10 5.491445728362079182e-12
2.350000000000886047e+00 4.067906663945380183e-10 5.481360274763646204e-12
2.450000000000887468e+00 4.135476773616030446e-10 5.527052686305175872e-12
2.550000000000888889e+00 4.111713234787972721e-10 5.531807892491083038e-12
2.650000000000890310e+00 4.080938874603129936e-10 5.543597534338744020e-12
2.750000000000891731e+00 4.149981344590849657e-10 5.641960134069481265e-12
2.850000000000893152e+00 4.105264158216740016e-10 5.575799954777992827e-12
2.950000000000894573e+00 4.069824438795019783e-10 5.554827475250655341e-12
3.050000000000895994e+00 4.117161522478671031e-10 5.617567968243792225e-12
3.150000000000897415e+00 4.148064503605068106e-10 5.669011890598139728e-12
3.250000000000898837e+00 4.073840674115189895e-10 5.572013564971674882e-12
3.350000000000900258e+00 4.093140064631477877e-10 5.646112714150347311e-12
3.450000000000901679e+00 4.070233886820680831e-10 5.675695724727287372e-12
3.550000000000903100e+00 4.127204494494390133e-10 5.744186568095525068e-12
3.650000000000904521e+00 4.176876536778389850e-10 5.814848648373949955e-12
3.750000000000905942e+00 4.288814058104469812e-10 5.884349470837551390e-12
3.850000000000907363e+00 4.171339768219299861e-10 5.750666209735215048e-12
3.950000000000908784e+00 4.048851993513109584e-10 5.657891168742237008e-12
4.050000000000906653e+00 4.009245430062629356e-10 5.682766796184609430e-12
4.150000000000908074e+00 4.100751222641043028e-10 5.750304914345972942e-12
4.250000000000916600e+00 4.173199496694297243e-10 5.855425287023933250e-12
4.350000000000918021e+00 4.277489390352652276e-10 5.943562918283141806e-12
4.450000000000912337e+00 4.310203442283789511e-10 5.979991921257440855e-12
4.550000000000913758e+00 4.199871253924728795e-10 5.876532158565185270e-12
4.650000000000922284e+00 4.121887858489488690e-10 5.850013143014037081e-12
4.750000000000923706e+00 4.217788146270200846e-10 5.947136546090223468e-12
4.850000000000918021e+00 4.291776694131969591e-10 5.990289068358852604e-12
4.950000000000919442e+00 4.398650138409780746e-10 6.061318418737952528e-12
5.050000000000927969e+00 4.523318935591049769e-10 6.167037955712318642e-12
5.150000000000929390e+00 4.597920478392850261e-10 6.291483584979927840e-12
5.250000000000923706e+00 4.601631446134011563e-10 6.313127170562631776e-12
5.350000000000925127e+00 4.733254162591818961e-10 6.399330460883110926e-12
5.450000000000933653e+00 4.937284371587372584e-10 6.522369955527391476e-12
5.550000000000935074e+00 4.914969348118999596e-10 6.481647016176826148e-12
5.650000000000929390e+00 4.975043279461211304e-10 6.540910433644693014e-12
5.750000000000930811e+00 5.125953356701138723e-10 6.687459945544090963e-12
5.850000000000939337e+00 5.206787645363840688e-10 6.754794589272077711e-12
5.950000000000940759e+00 5.270965811834789785e-10 6.834403858016674868e-12
6.050000000000935074e+00 5.407901427438899796e-10 6.899191966123001940e-12
6.150000000000936495e+00 5.402980123785288091e-10 6.914698439816791852e-12
6.250000000000945022e+00 5.494136255366779719e-10 6.965273163314892532e-12
6.350000000000946443e+00 5.671295332296414608e-10 7.122870458952583624e-12
6.450000000000940759e+00 5.693277115973200614e-10 7.187735016364635254e-12
6.550000000000942180e+00 5.661941555841239159e-10 7.174424071447469263e-12
6.650000000000950706e+00 5.639056495414469769e-10 7.170754256061606534e-12
6.750000000000952127e+00 5.611240660845898464e-10 7.165469843103591745e-12
6.850000000000946443e+00 5.536063770835791409e-10 7.074908828561183304e-12
6.950000000000947864e+00 5.441630485341359184e-10 7.034053985043029003e-12
7.050000000000956391e+00 5.228460069389878671e-10 6.989330117798431633e-12
7.150000000000957812e+00 5.160146775704730603e-10 6.939229285196413167e-12
7.250000000000952127e+00 5.300675009352230564e-10 7.122850670962155476e-12
7.350000000000953548e+00 5.235989077573479597e-10 7.118802256582206123e-12
7.450000000000962075e+00 5.099959954891928999e-10 6.984820814886782990e-12
7.550000000000963496e+00 5.172158154699041093e-10 7.060425653055950464e-12
7.650000000000957812e+00 5.275012742008471425e-10 7.198824754659331616e-12
7.750000000000959233e+00 5.287057483095690648e-10 7.257764390036511456e-12
7.850000000000967759e+00 5.240809741697501486e-10 7.248658281714344734e-12
7.950000000000969180e+00 5.109501555509930155e-10 7.154951548804646071e-12
8.050000000000963496e+00 5.162279280544360097e-10 7.187036725148047727e-12
8.150000000000964917e+00 5.164295855865151599e-10 7.198141901235872609e-12
8.250000000000973444e+00 5.370287030269529436e-10 7.421800077472122746e-12
8.350000000000974865e+00 5.440152643289518470e-10 7.486349892331792824e-12
8.450000000000969180e+00 5.469247070392101897e-10 7.480422911794357799e-12
8.550000000000970601e+00 5.298060180232200123e-10 7.319813939023085015e-12
8.650000000000979128e+00 5.500655263487168144e-10 nan
8.750000000000980549e+00 5.656735518302120336e-10 nan
8.850000000000974865e+00 5.615236351691951428e-10 nan
8.950000000000976286e+00 5.530128966112347252e-10 nan
9.050000000000984812e+00 5.604556485021749563e-10 nan
9.150000000000986233e+00 5.613511360147749599e-10 nan
9.250000000000980549e+00 5.620892691204787325e-10 nan
9.350000000000981970e+00 5.610258592970041565e-10 nan
9.450000000000990497e+00 5.663545224625150158e-10 nan
9.550000000000991918e+00 5.739897931844681300e-10 nan
9.650000000000986233e+00 5.732195548590247398e-10 nan
9.750000000000987654e+00 5.776827495687686842e-10 nan
9.850000000000996181e+00 5.747988448102099682e-10 nan
9.950000000000997602e+00 5.776032316083570240e-10 nan
