-1.009999999999872244e+01 8.660713361926590081e-11 7.878859626437747139e-13
-9.899999999998719602e+00 8.901213935138173457e-11 7.986842878237225013e-13
-9.699999999998716760e+00 9.071917509950584034e-11 7.990200318460866049e-13
-9.499999999998713918e+00 9.348687717022128993e-11 8.244160350747025763e-13
-9.299999999998711075e+00 9.604016318524161398e-11 8.303293833407772566e-13
-9.099999999998708233e+00 9.822360051918580031e-11 8.410374575579043850e-13
-8.899999999998705391e+00 1.028092762264280657e-10 8.698613498787823591e-13
-8.699999999998702549e+00 1.083570221758897090e-10 8.843038287887514197e-13
-8.499999999998699707e+00 1.138750485869990892e-10 9.178601184819124564e-13
-8.299999999998696865e+00 1.160403741962310778e-10 9.210783330303659094e-13
-8.099999999998694022e+00 1.199852635416099507e-10 9.308232180432588901e-13
-7.899999999998691180e+00 1.263730355669069917e-10 9.674068207166384620e-13
-7.699999999998688338e+00 1.348766612456657227e-10 9.896455348152176821e-13
-7.499999999998685496e+00 1.444933352986017607e-10 1.031129866549167633e-12
-7.299999999998682654e+00 1.531006631656417752e-10 1.072476527961737251e-12
-7.099999999998679812e+00 1.602945635390760096e-10 1.080710773469091230e-12
-6.899999999998676969e+00 1.687234853855665406e-10 1.116347066077734777e-12
-6.699999999998674127e+00 1.804776647247971098e-10 nan
-6.499999999998671285e+00 1.932981330312465624e-10 nan
-6.299999999998668443e+00 2.077173667394577976e-10 nan
-6.099999999998665601e+00 2.247609137213866791e-10 nan
-5.899999999998662759e+00 2.415262405757624704e-10 nan
-5.699999999998659916e+00 2.610469966221559785e-10 nan
-5.499999999998657074e+00 2.876148298092587801e-10 nan
-5.299999999998654232e+00 3.164272236724634770e-10 nan
-5.099999999998651390e+00 3.472107306487089285e-10 nan
-4.899999999998648548e+00 3.808140719040983078e-10 nan
-4.699999999998645706e+00 4.207033202006546901e-10 nan
-4.499999999998642863e+00 4.659332210080644732e-10 nan
-4.299999999998640021e+00 5.173909521904182080e-10 nan
-4.099999999998637179e+00 5.764195798288932974e-10 nan
-3.899999999998634337e+00 6.411785116841510319e-10 nan
-3.699999999998631495e+00 7.209584230143564288e-10 nan
-3.499999999998628653e+00 8.101501669440911093e-10 nan
-3.299999999998625810e+00 9.101551578684525857e-10 nan
-3.099999999998622968e+00 1.025849330735065203e-09 nan
-2.899999999998620126e+00 1.158597957063616485e-09 nan
-2.699999999998617284e+00 1.308425851262922319e-09 nan
-2.499999999998614442e+00 1.479700130203214214e-09 nan
-2.299999999998611599e+00 1.676584242115335003e-09 nan
-2.099999999998608757e+00 1.905405801243376377e-09 nan
-1.899999999998605915e+00 2.179776844493823369e-09 nan
-1.699999999998603073e+00 2.501050016733712999e-09 nan
-1.499999999998600231e+00 2.882259616191621887e-09 nan
-1.299999999998597389e+00 3.347605424084548848e-09 nan
-1.099999999998594546e+00 3.926444056622781029e-09 nan
-8.999999999985917043e-01 4.641392909452568741e-09 nan
-6.999999999985888621e-01 5.511987953273107647e-09 nan
-4.999999999985860200e-01 6.565744721589358115e-09 nan
-2.999999999985831778e-01 7.723559805175570339e-09 nan
-9.999999999858033561e-02 8.889062511362680099e-09 nan
1.000000000014225066e-01 9.915849260155920082e-09 nan
3.000000000014253487e-01 1.057972041651785516e-08 nan
5.000000000014281909e-01 1.072272007351522154e-08 nan
7.000000000014310331e-01 1.027827929078380092e-08 nan
9.000000000014338752e-01 9.239031574337041807e-09 nan
1.100000000001436717e+00 7.750366857289507864e-09 nan
1.300000000001439560e+00 6.059618206899214105e-09 nan
1.500000000001442402e+00 4.401629911998987458e-09 nan
1.700000000001445244e+00 2.982267872513186567e-09 nan
1.900000000001448086e+00 1.906397077292094990e-09 nan
2.100000000001450928e+00 1.163005327802676158e-09 nan
2.300000000001453770e+00 6.967708877508616881e-10 nan
2.500000000001456613e+00 4.336781961471077269e-10 nan
2.700000000001459455e+00 2.948541683511520225e-10 nan
2.900000000001462297e+00 2.265961864258194286e-10 nan
3.100000000001465139e+00 1.915874046618489555e-10 nan
3.300000000001467981e+00 1.732951351617566953e-10 nan
3.500000000001470823e+00 1.633579307204794826e-10 nan
3.700000000001473666e+00 1.561466552278987663e-10 nan
3.900000000001476508e+00 1.513986856205009276e-10 nan
4.100000000001479350e+00 1.479295981848433958e-10 nan
4.300000000001482192e+00 1.456984774616236679e-10 nan
4.500000000001485034e+00 1.477111660572081350e-10 nan
4.700000000001487876e+00 1.449602275075366380e-10 nan
4.900000000001490719e+00 1.447501201716126890e-10 nan
5.100000000001493561e+00 1.454150887076494809e-10 nan
5.300000000001496403e+00 1.473818094064413105e-10 nan
5.500000000001499245e+00 1.477017118219392635e-10 nan
5.700000000001502087e+00 1.458614816986914907e-10 nan
5.900000000001504930e+00 1.461477922456638006e-10 nan
6.100000000001507772e+00 1.495684722196733765e-10 nan
6.300000000001510614e+00 1.515871705592514078e-10 nan
6.500000000001513456e+00 1.536403626185550778e-10 nan
6.700000000001516298e+00 1.553063814889201222e-10 nan
6.900000000001519140e+00 1.558253986430305231e-10 nan
7.100000000001521983e+00 1.591901345421485019e-10 nan
7.300000000001524825e+00 1.614462702103507640e-10 nan
7.500000000001527667e+00 1.608900953912808667e-10 nan
7.700000000001530509e+00 1.600801662729471747e-10 nan
7.900000000001533351e+00 1.636635507405569672e-10 nan
8.100000000001536193e+00 1.640526698843155553e-10 nan
8.300000000001539036e+00 1.650917419411381437e-10 nan
8.500000000001541878e+00 1.656504576185331597e-10 nan
8.700000000001544720e+00 1.668366678653372240e-10 nan
8.900000000001547562e+00 1.655763020179994594e-10 nan
9.100000000001550404e+00 1.676453056305642349e-10 nan
9.300000000001553246e+00 1.703930710054169874e-10 nan
9.500000000001556089e+00 1.739298014601326272e-10 nan
9.700000000001558931e+00 1.759564420052474595e-10 nan
9.900000000001561773e+00 1.742743471295778090e-10 nan
