-1.004999999999929017e+01 2.110886560225138185e-11 1.775580654344244903e-12
-9.949999999999288747e+00 2.004460744655099763e-11 1.777332526737173904e-12
-9.849999999999287326e+00 2.309205727436237996e-11 1.804287946925123495e-12
-9.749999999999285905e+00 2.603859312101060101e-11 1.827051608613893463e-12
-9.649999999999284483e+00 2.420544811732196551e-11 1.820333894411684517e-12
-9.549999999999283062e+00 2.447650176341109620e-11 1.838187286384455174e-12
-9.449999999999281641e+00 2.538189429864769729e-11 1.859147185907792635e-12
-9.349999999999280220e+00 2.385700788149870038e-11 1.834434526669206933e-12
-9.249999999999278799e+00 2.463199338599345114e-11 1.861132391759005079e-12
-9.149999999999277378e+00 2.892707648521600081e-11 1.932778990304618866e-12
-9.049999999999275957e+00 2.452982922078606959e-11 1.896074172192350692e-12
-8.949999999999274536e+00 2.359222777875150345e-11 1.873750229199579306e-12
-8.849999999999273115e+00 2.572491766555850119e-11 1.884227568934675695e-12
-8.749999999999271694e+00 2.812278698404813395e-11 1.930225891570489550e-12
-8.649999999999270273e+00 2.763458271506099593e-11 1.943618458589819171e-12
-8.549999999999268852e+00 3.182767181255720437e-11 1.988769621487233340e-12
-8.449999999999267430e+00 3.204227925571449550e-11 1.979298590002837952e-12
-8.349999999999266009e+00 3.226400223860019942e-11 1.977365490345412354e-12
-8.249999999999264588e+00 3.030895195725589982e-11 1.987191786673075417e-12
-8.149999999999263167e+00 3.076573098297229825e-11 2.005429598170490994e-12
-8.049999999999261746e+00 3.269833867332471272e-11 2.015927835876284279e-12
-7.949999999999260325e+00 2.959764404313658701e-11 1.984524703032429986e-12
-7.849999999999258904e+00 2.853124086831929558e-11 1.977434477541197943e-12
-7.749999999999257483e+00 3.429864648947959816e-11 2.067998241333177037e-12
-7.649999999999256062e+00 3.633863050085591394e-11 2.099321799955274302e-12
-7.549999999999254641e+00 3.626515242611910126e-11 2.082958336465250461e-12
-7.449999999999253220e+00 3.360261825347901488e-11 2.071546389358945375e-12
-7.349999999999251798e+00 2.972593141587210390e-11 2.043512795635886414e-12
-7.249999999999250377e+00 3.414626609375359673e-11 2.093551878125991843e-12
-7.149999999999248956e+00 3.517100645293110558e-11 2.136003019132087682e-12
-7.049999999999247535e+00 3.536919296158419026e-11 2.146833644160245167e-12
-6.949999999999246114e+00 3.893610027297961965e-11 2.171122699354650979e-12
-6.849999999999244693e+00 4.035496930092154792e-11 2.162816465738637720e-12
-6.749999999999243272e+00 4.449777705781710495e-11 2.219267529681118766e-12
-6.649999999999241851e+00 4.050800927024469331e-11 2.228417700803373114e-12
-6.549999999999240430e+00 3.296374782243759109e-11 2.184539319313882026e-12
-6.449999999999239009e+00 3.664271724863562901e-11 2.208178143004363650e-12
-6.349999999999237588e+00 4.176961021975696607e-11 2.245249364349771725e-12
-6.249999999999236167e+00 4.457593356013637089e-11 2.257714801143625285e-12
-6.149999999999234745e+00 4.727998245103610031e-11 2.283141238540055433e-12
-6.049999999999233324e+00 4.478983177429070415e-11 2.294059626041115254e-12
-5.949999999999231903e+00 4.105423050360028981e-11 2.293732828257763779e-12
-5.849999999999230482e+00 4.203066022208060001e-11 2.314190519430770405e-12
-5.749999999999229061e+00 4.671816160650110308e-11 2.350506206760528240e-12
-5.649999999999227640e+00 4.627449961126601107e-11 2.329805336446139870e-12
-5.549999999999226219e+00 4.565296265622213142e-11 2.327793459675671466e-12
-5.449999999999224798e+00 4.994387791879600268e-11 2.385916412252727467e-12
-5.349999999999223377e+00 5.475391174969779745e-11 2.459924410965977000e-12
-5.249999999999221956e+00 5.946106973227450766e-11 2.522012049680699041e-12
-5.149999999999220535e+00 5.859551904718481334e-11 2.513867144769676040e-12
-5.049999999999219114e+00 6.003058289526701038e-11 2.515088371619293258e-12
-4.949999999999217692e+00 6.544468836072299690e-11 2.549114685057146334e-12
-4.849999999999216271e+00 6.766702204819669674e-11 2.561857202039807348e-12
-4.749999999999214850e+00 6.952878986538000395e-11 2.574095139045919510e-12
-4.649999999999213429e+00 7.741057118187368194e-11 2.647859470180772735e-12
-4.549999999999212008e+00 8.460454939303877741e-11 2.729857967392233593e-12
-4.449999999999210587e+00 8.843124050714560035e-11 2.782275341114449969e-12
-4.349999999999209166e+00 9.539903188394271983e-11 2.852030640760555214e-12
-4.249999999999207745e+00 9.867000545748249017e-11 2.858639282733789771e-12
-4.149999999999206324e+00 1.079781109156900814e-10 2.917303193058607593e-12
-4.049999999999204903e+00 1.213409816307596828e-10 3.024320391290031710e-12
-3.949999999999203482e+00 1.320773736313715553e-10 3.078138946069419329e-12
-3.849999999999202061e+00 1.457395256084082035e-10 3.153809057375076633e-12
-3.749999999999200639e+00 1.650599831042287054e-10 3.284527656146518817e-12
-3.649999999999199218e+00 1.866714021064167680e-10 3.418048741247066822e-12
-3.549999999999197797e+00 2.111162297324620262e-10 3.579599137852104010e-12
-3.449999999999196376e+00 2.416127486573840232e-10 3.757928839043902380e-12
-3.349999999999194955e+00 2.772489324487089600e-10 3.952703697672449491e-12
-3.249999999999193534e+00 3.162072124164089815e-10 4.155277363679274133e-12
-3.149999999999192113e+00 3.549764670646097927e-10 4.326763247270609619e-12
-3.049999999999190692e+00 4.064547983872799851e-10 4.546304605296507695e-12
-2.949999999999189271e+00 4.806661464809301406e-10 4.870908731512243080e-12
-2.849999999999187850e+00 5.653078082783998994e-10 5.197606924064379912e-12
-2.749999999999186429e+00 6.454163000870500989e-10 5.472892019912473782e-12
-2.649999999999185007e+00 7.450891130573201600e-10 5.817640618377066743e-12
-2.549999999999183586e+00 8.778823007557100168e-10 6.260855847538019761e-12
-2.449999999999182165e+00 1.037947088277749975e-09 6.760307592160666484e-12
-2.349999999999180744e+00 1.219408594491159513e-09 7.292849997082523044e-12
-2.249999999999179323e+00 1.421688464628960243e-09 7.814370905111137360e-12
-2.149999999999177902e+00 1.659599786764510365e-09 8.426108887476016703e-12
-2.049999999999176481e+00 1.969319488779899892e-09 9.174116921463886823e-12
-1.949999999999175060e+00 2.347610985877599821e-09 1.000286347003167257e-11
-1.849999999999173639e+00 2.769775227637699115e-09 1.084870635010330028e-11
-1.749999999999172218e+00 3.284092086146100162e-09 1.182804503687831786e-11
-1.649999999999170797e+00 3.926020655507899418e-09 1.294850714586197456e-11
-1.549999999999169376e+00 4.661690656795499310e-09 1.410590960860245965e-11
-1.449999999999167954e+00 5.576416332057498916e-09 1.545058888248888660e-11
-1.349999999999166533e+00 6.638437268509201043e-09 1.687173352241711931e-11
-1.249999999999165112e+00 7.898613631485797246e-09 1.840734726965908417e-11
-1.149999999999163691e+00 9.493699392011699088e-09 2.017982755652841702e-11
-1.049999999999162270e+00 1.139949731655650277e-08 2.214089666169864050e-11
-9.499999999991608490e-01 1.368514977066890131e-08 2.428049862056135712e-11
-8.499999999991594279e-01 1.651105086610899360e-08 2.673079454676694766e-11
-7.499999999991580069e-01 1.991797613367900348e-08 2.945351848490234897e-11
-6.499999999991565858e-01 2.402893623404999571e-08 3.241771003685296344e-11
-5.499999999991551647e-01 2.882858800103798656e-08 3.559248108488401510e-11
-4.499999999991537436e-01 3.399784589869500011e-08 3.877290539227140193e-11
-3.499999999991523225e-01 3.905225202698097605e-08 4.165973171025727064e-11
-2.499999999991509014e-01 4.333512301997800007e-08 4.398133437235880429e-11
-1.499999999991494803e-01 4.623504670657402462e-08 4.556789545515841698e-11
-4.999999999914805926e-02 4.730448071720399749e-08 4.624192256838923313e-11
5.000000000085336183e-02 4.618142605938201094e-08 4.584445343232103447e-11
1.500000000008547829e-01 4.269411500667699391e-08 4.427396209735739271e-11
2.500000000008562040e-01 3.715280310904200755e-08 4.152490645052674218e-11
3.500000000008576251e-01 3.051734554074700021e-08 3.785034205231771406e-11
4.500000000008590462e-01 2.345875838290199896e-08 3.333336363653100934e-11
5.500000000008604673e-01 1.685116924909000041e-08 2.837496998592064705e-11
6.500000000008618883e-01 1.121211677143140403e-08 2.325806490251400863e-11
7.500000000008633094e-01 6.871160964932697005e-09 1.832074199235299604e-11
8.500000000008647305e-01 3.929164602872999607e-09 1.399081200887672090e-11
9.500000000008661516e-01 2.122779651492799075e-09 1.047900007947848763e-11
1.050000000000867573e+00 1.135721670594710060e-09 7.922777120103667386e-12
1.150000000000868994e+00 6.405063238925199940e-10 6.268778919619388083e-12
1.250000000000870415e+00 4.138844167034899042e-10 5.344924236602446665e-12
1.350000000000871836e+00 3.146269866416700398e-10 4.892511686343655510e-12
1.450000000000873257e+00 2.634195174425560055e-10 4.643252472709092442e-12
1.550000000000874678e+00 2.228413252517869917e-10 4.427873530235449663e-12
1.650000000000876099e+00 2.024567722018565898e-10 4.349486320560385718e-12
1.750000000000877520e+00 1.884285327952312216e-10 4.296339819874612167e-12
1.850000000000878941e+00 1.845655990666840323e-10 4.295235089792107960e-12
1.950000000000880362e+00 1.776783256165333147e-10 4.292796803011138788e-12
2.050000000000881784e+00 1.803744248778184523e-10 4.366341418295717056e-12
2.150000000000883205e+00 1.724977241453907220e-10 4.288212525606735570e-12
2.250000000000884626e+00 1.745553434966927959e-10 4.282235632067255091e-12
2.350000000000886047e+00 1.807559574322029721e-10 4.321267628394126492e-12
2.450000000000887468e+00 1.751605303664725491e-10 4.327350879686628680e-12
2.550000000000888889e+00 1.760408009781297944e-10 4.361420656633348923e-12
2.650000000000890310e+00 1.769952447655135520e-10 4.401475839749293071e-12
2.750000000000891731e+00 1.737004080022670773e-10 4.412702301880877935e-12
2.850000000000893152e+00 1.702082880148507548e-10 4.395315746485714551e-12
2.950000000000894573e+00 1.653644934191910303e-10 4.369665777535207890e-12
3.050000000000895994e+00 1.595351570646860555e-10 4.333886775281318129e-12
3.150000000000897415e+00 1.683828443768760286e-10 4.408792679094095068e-12
3.250000000000898837e+00 1.630592957832621725e-10 4.405725851615775831e-12
3.350000000000900258e+00 1.688800819306019230e-10 4.510151796896283795e-12
3.450000000000901679e+00 1.721470426965205135e-10 4.575457616358301379e-12
3.550000000000903100e+00 1.607184006760540901e-10 4.483915052912242941e-12
3.650000000000904521e+00 1.637588893859137059e-10 4.511174461869626782e-12
3.750000000000905942e+00 1.682290110989993034e-10 4.560406380753450994e-12
3.850000000000907363e+00 1.620535920822320711e-10 4.526395772257648038e-12
3.950000000000908784e+00 1.549109850820060958e-10 4.518770739574187861e-12
4.050000000000906653e+00 1.617078042960872860e-10 4.616992962380120803e-12
4.150000000000908074e+00 1.581847094120151615e-10 4.616376472032903698e-12
4.250000000000916600e+00 1.539895403458743761e-10 4.583246256563324489e-12
4.350000000000918021e+00 1.497138692031572095e-10 4.579181918098548395e-12
4.450000000000912337e+00 1.584200290580915160e-10 4.684530191361082947e-12
4.550000000000913758e+00 1.590274766920859751e-10 4.721964572546276979e-12
4.650000000000922284e+00 1.631381161572550119e-10 4.785466962182878490e-12
4.750000000000923706e+00 1.670392253910253467e-10 4.821141960676662613e-12
4.850000000000918021e+00 1.685560373200034963e-10 4.824049104092701973e-12
4.950000000000919442e+00 1.845343956264460749e-10 4.934101101778285621e-12
5.050000000000927969e+00 1.876666680992958195e-10 5.000723834958431341e-12
5.150000000000929390e+00 1.873921555538750154e-10 5.021253048816533532e-12
5.250000000000923706e+00 2.000806943070199448e-10 5.093987201135357681e-12
5.350000000000925127e+00 2.124208065838796929e-10 5.196086502695584439e-12
5.450000000000933653e+00 2.116093853434223654e-10 5.214528031732560802e-12
5.550000000000935074e+00 2.147372213353174537e-10 5.258200454601409260e-12
5.650000000000929390e+00 2.248490742448544565e-10 5.330280951741196535e-12
5.750000000000930811e+00 2.310432533016189978e-10 5.379451118612842412e-12
5.850000000000939337e+00 2.260465119157800504e-10 5.378616438405748957e-12
5.950000000000940759e+00 2.473816158028219899e-10 5.538886900977492282e-12
6.050000000000935074e+00 2.512296492572310101e-10 5.578744518415000030e-12
6.150000000000936495e+00 2.617716796612898099e-10 5.681939272602074395e-12
6.250000000000945022e+00 2.648002218184949553e-10 5.727076583707840078e-12
6.350000000000946443e+00 2.583345575406896464e-10 5.720527096273541246e-12
6.450000000000940759e+00 2.582398281040449576e-10 5.726050061506243324e-12
6.550000000000942180e+00 2.551348758129759361e-10 5.723801848174723958e-12
6.650000000000950706e+00 2.523709765124143734e-10 5.756765284377455006e-12
6.750000000000952127e+00 2.400985134229460206e-10 5.737677521042416184e-12
6.850000000000946443e+00 2.264541057356919183e-10 5.683706859715998065e-12
6.950000000000947864e+00 2.244258368276540646e-10 5.717759511104174100e-12
7.050000000000956391e+00 2.118628120740750065e-10 5.682740889608842228e-12
7.150000000000957812e+00 2.074339089528610473e-10 5.696834611139047885e-12
7.250000000000952127e+00 1.968593127131409660e-10 5.665484973125794779e-12
7.350000000000953548e+00 1.845618256549967841e-10 5.640236580038888082e-12
7.450000000000962075e+00 1.931794024653874282e-10 5.725054190625455213e-12
7.550000000000963496e+00 1.793100257566896579e-10 5.677317283751727520e-12
7.650000000000957812e+00 1.859937914423316465e-10 5.750817999544239621e-12
7.750000000000959233e+00 1.960460197424219421e-10 5.834592177927059907e-12
7.850000000000967759e+00 1.835487301551710752e-10 5.794877153672186351e-12
7.950000000000969180e+00 1.888898162796348978e-10 5.860837449464876382e-12
8.050000000000963496e+00 1.960472206661309339e-10 5.919638575536033629e-12
8.150000000000964917e+00 1.832788373176930155e-10 5.868236800587683366e-12
8.250000000000973444e+00 1.914825742218250187e-10 5.989344118371671254e-12
8.350000000000974865e+00 1.939309750397530304e-10 6.018381258204611396e-12
8.450000000000969180e+00 1.838701598503110143e-10 5.949308645294293340e-12
8.550000000000970601e+00 1.807287304811302845e-10 5.975404290301557555e-12
8.650000000000979128e+00 1.817048289165769926e-10 6.049833627782910587e-12
8.750000000000980549e+00 1.813411407396949437e-10 6.077713972944526690e-12
8.850000000000974865e+00 1.803954060060230279e-10 6.094941363813110304e-12
8.950000000000976286e+00 1.917784847190599765e-10 6.207349475509671192e-12
9.050000000000984812e+00 1.843146051353380156e-10 6.223035043267253551e-12
9.150000000000986233e+00 1.885303503015150129e-10 6.301506698825895465e-12
9.250000000000980549e+00 1.885925114956209549e-10 6.339076914335698684e-12
9.350000000000981970e+00 1.767297067932750398e-10 6.302309850531148450e-12
9.450000000000990497e+00 1.705272345393453317e-10 6.293028202857019702e-12
9.550000000000991918e+00 1.727006735596811069e-10 6.384820939003120849e-12
9.650000000000986233e+00 1.860343430362720856e-10 6.523870981280517340e-12
9.750000000000987654e+00 1.852509822810795053e-10 6.516303958454221534e-12
9.850000000000996181e+00 1.894620205620207462e-10 6.588265069444997653e-12
9.950000000000997602e+00 1.832239762997730032e-10 6.631552109092265846e-12
