-1.009999999999872244e+01 3.373817709784002046e-11 5.850402762845791355e-13
-9.899999999998719602e+00 3.646707972621684528e-11 6.056683902523144041e-13
-9.699999999998716760e+00 4.028222503804670264e-11 6.402171665119322464e-13
-9.499999999998713918e+00 4.388801707991929133e-11 6.769010517953392505e-13
-9.299999999998711075e+00 4.816854767422530278e-11 6.968895749437136806e-13
-9.099999999998708233e+00 5.333521673716559481e-11 7.403870207457207857e-13
-8.899999999998705391e+00 5.936628320586846919e-11 7.834607019190746479e-13
-8.699999999998702549e+00 6.542833774475598409e-11 8.197830301351612705e-13
-8.499999999998699707e+00 7.317633614496398809e-11 8.790072070610450476e-13
-8.299999999998696865e+00 8.108175500496201534e-11 9.141698083376342501e-13
-8.099999999998694022e+00 9.100982450052857145e-11 9.732222797845670199e-13
-7.899999999998691180e+00 1.012529808222980116e-10 1.037271465214157020e-12
-7.699999999998688338e+00 1.130077969262140489e-10 1.084380824023133363e-12
-7.499999999998685496e+00 1.272643629267020526e-10 1.166421405463299534e-12
-7.299999999998682654e+00 1.441741154018950407e-10 1.256832155517846647e-12
-7.099999999998679812e+00 1.602585782213431057e-10 1.307012956217832642e-12
-6.899999999998676969e+00 1.789089188491349827e-10 1.391736735919224144e-12
-6.699999999998674127e+00 2.036037103586239052e-10 1.492201101380793928e-12
-6.499999999998671285e+00 2.302031743275801186e-10 1.574934833299673785e-12
-6.299999999998668443e+00 2.592185642604559968e-10 1.700986684618621462e-12
-6.099999999998665601e+00 2.887978824222680311e-10 1.793495569169473314e-12
-5.899999999998662759e+00 3.235138255702579336e-10 1.880791201436959735e-12
-5.699999999998659916e+00 3.674775499464619770e-10 2.042037751757637597e-12
-5.499999999998657074e+00 4.155588989825379864e-10 2.169273211005587497e-12
-5.299999999998654232e+00 4.708105524963100310e-10 2.296914589059607420e-12
-5.099999999998651390e+00 5.327014993145400281e-10 2.481307601233197333e-12
-4.899999999998648548e+00 6.009655567382898585e-10 2.628117848148827026e-12
-4.699999999998645706e+00 6.785746309270298037e-10 2.774937144788939713e-12
-4.499999999998642863e+00 7.659679096433600330e-10 2.995827189978265589e-12
-4.299999999998640021e+00 8.723910280985799447e-10 3.186435572001400175e-12
-4.099999999998637179e+00 9.936933163655898783e-10 3.376887447072658607e-12
-3.899999999998634337e+00 1.126475376610480530e-09 3.647385691002543031e-12
-3.699999999998631495e+00 1.279008676871219757e-09 3.884959607165851721e-12
-3.499999999998628653e+00 1.459395638214790343e-09 4.119271237731738994e-12
-3.299999999998625810e+00 1.664166866526979802e-09 4.464953906669434598e-12
-3.099999999998622968e+00 1.904116911649831092e-09 4.802185579075048367e-12
-2.899999999998620126e+00 2.172611731642729060e-09 5.073096324325050267e-12
-2.699999999998617284e+00 2.480749534946559827e-09 5.484667416414976384e-12
-2.499999999998614442e+00 2.847983223071500074e-09 5.932232334534503174e-12
-2.299999999998611599e+00 3.273198266419389667e-09 6.300568655762418542e-12
-2.099999999998608757e+00 3.767372931419097837e-09 6.803529605263176928e-12
-1.899999999998605915e+00 4.360820838719049880e-09 7.424965497541984992e-12
-1.699999999998603073e+00 5.064671765802500387e-09 7.939466786609162082e-12
-1.499999999998600231e+00 5.907579867564001511e-09 8.546325498280369684e-12
-1.299999999998597389e+00 6.952384996105803534e-09 9.412838466494183383e-12
-1.099999999998594546e+00 8.273067159138002958e-09 1.027203325391502934e-11
-8.999999999985917043e-01 9.870344857624505814e-09 1.111181423303045407e-11
-6.999999999985888621e-01 1.173598160154139723e-08 1.224541974070641781e-11
-4.999999999985860200e-01 1.384529135744459603e-08 1.344681234512443700e-11
-2.999999999985831778e-01 1.590311961403769367e-08 1.428691966343297257e-11
-9.999999999858033561e-02 1.759562567765380078e-08 1.500972649898846040e-11
1.000000000014225066e-01 1.859741971673509875e-08 1.566380913578082100e-11
3.000000000014253487e-01 1.862838373464390364e-08 1.574052335466386924e-11
5.000000000014281909e-01 1.759574727575299835e-08 1.519594041229043271e-11
7.000000000014310331e-01 1.558234645815629756e-08 1.443534766050528600e-11
9.000000000014338752e-01 1.281747009359290302e-08 1.330487833574585607e-11
1.100000000001436717e+00 9.813594543742099104e-09 1.163639008356546888e-11
1.300000000001439560e+00 7.018943765139900934e-09 9.815435577222027550e-12
1.500000000001442402e+00 4.697024524876550505e-09 8.142945895010005296e-12
1.700000000001445244e+00 2.954671754823180377e-09 6.560103637426053735e-12
1.900000000001448086e+00 1.834683648490840655e-09 5.164987093861788861e-12
2.100000000001450928e+00 1.206811987154890018e-09 4.185885707844249463e-12
2.300000000001453770e+00 8.785328796854001273e-10 3.606380204352407028e-12
2.500000000001456613e+00 7.297962600821870006e-10 3.318341105240685977e-12
2.700000000001459455e+00 6.727275665752141248e-10 3.176082399267164936e-12
2.900000000001462297e+00 6.562994123403491963e-10 3.123498445268775376e-12
3.100000000001465139e+00 6.494639593040078646e-10 3.136255774169433714e-12
3.300000000001467981e+00 6.477817017547699238e-10 3.169951921013838175e-12
3.500000000001470823e+00 6.451218972342941463e-10 3.152916067876199411e-12
3.700000000001473666e+00 6.365602658588143398e-10 3.114368849246473126e-12
3.900000000001476508e+00 6.186895137828839354e-10 3.100583906375494502e-12
4.100000000001479350e+00 6.048810277755740430e-10 3.112216004661567006e-12
4.300000000001482192e+00 5.836586267046148304e-10 3.059835124811866927e-12
4.500000000001485034e+00 5.660280932154198166e-10 2.994119884952687312e-12
4.700000000001487876e+00 5.519400833745470052e-10 2.947100628659975520e-12
4.900000000001490719e+00 5.422468933445499847e-10 2.961904803786180223e-12
5.100000000001493561e+00 5.329122364387431591e-10 2.969509024200228407e-12
5.300000000001496403e+00 5.196835350354400759e-10 2.922812852691677391e-12
5.500000000001499245e+00 5.101365322160910058e-10 2.870777207126079805e-12
5.700000000001502087e+00 4.949376077263879510e-10 2.838540851208106398e-12
5.900000000001504930e+00 4.818658479127361094e-10 2.841883180357942681e-12
6.100000000001507772e+00 4.721580725260362303e-10 2.833549733076408152e-12
6.300000000001510614e+00 4.663532803194670567e-10 2.808221424484348953e-12
6.500000000001513456e+00 4.577919640842669565e-10 2.760654243177201035e-12
6.700000000001516298e+00 4.512710462891170263e-10 2.745498293519722680e-12
6.900000000001519140e+00 4.459947052604628877e-10 2.757794023574187815e-12
7.100000000001521983e+00 4.393167133287439583e-10 2.759776828806201679e-12
7.300000000001524825e+00 4.347008889110939022e-10 2.747970997229340993e-12
7.500000000001527667e+00 4.267747042803918337e-10 2.703514063127700819e-12
7.700000000001530509e+00 4.149719328590349954e-10 2.672348530632589824e-12
7.900000000001533351e+00 3.980183440035291270e-10 2.635748723613539900e-12
8.100000000001536193e+00 3.828443505781809308e-10 2.618692854319330416e-12
8.300000000001539036e+00 3.730495182057450603e-10 2.593677152129953203e-12
8.500000000001541878e+00 3.701987697379659576e-10 2.569762274902161102e-12
8.700000000001544720e+00 3.671746092134330208e-10 2.549637150242326760e-12
8.900000000001547562e+00 3.677048073237160180e-10 2.552266121370676171e-12
9.100000000001550404e+00 3.722256105695750139e-10 2.592924226113027896e-12
9.300000000001553246e+00 3.819800529811648975e-10 2.656161828552081679e-12
9.500000000001556089e+00 4.014762936168920092e-10 2.747213044227946719e-12
9.700000000001558931e+00 4.233274930780420550e-10 2.822318481788655093e-12
9.900000000001561773e+00 4.418727012978599031e-10 2.866866835711579044e-12
1.010000000000156462e+01 4.486000860284638973e-10 2.879462336092544582e-12
1.030000000000156746e+01 4.348665118315569429e-10 2.844602893685877822e-12
1.050000000000157030e+01 4.057113780443768904e-10 2.768031013968292893e-12
1.070000000000157314e+01 3.683436271315706741e-10 2.661160063518402291e-12
1.090000000000157598e+01 3.231932244558120321e-10 2.523982375761685591e-12
1.110000000000157883e+01 2.722100509804494762e-10 2.308223585686455060e-12
1.130000000000158167e+01 2.307273654299563446e-10 2.117119500205703707e-12
1.150000000000158451e+01 2.052705520505836595e-10 1.990396522912283874e-12
1.170000000000158735e+01 1.885694018346242667e-10 1.895499641725856070e-12
1.190000000000159019e+01 1.774244785236091597e-10 1.834692064876020279e-12
1.210000000000159304e+01 1.771457593681642011e-10 1.857056982860621465e-12
1.230000000000159588e+01 1.791058015764824754e-10 1.885059961930584725e-12
1.250000000000159872e+01 1.787816987681917910e-10 1.899471216398073770e-12
1.270000000000160156e+01 1.863521822435399773e-10 1.951530902536859925e-12
1.290000000000160441e+01 1.967847959982741336e-10 2.019794618340515971e-12
1.310000000000160725e+01 2.070476914928046793e-10 2.068635942750361357e-12
1.330000000000161009e+01 2.176475316364731358e-10 2.107753346701433631e-12
1.350000000000161293e+01 2.307427288654111111e-10 2.179770343063586814e-12
1.370000000000161577e+01 2.392179982424050943e-10 2.214193496539327824e-12
1.390000000000161862e+01 2.494854422498805372e-10 2.264028721178535499e-12
1.410000000000162146e+01 2.586808568860669882e-10 2.311831100961783743e-12
1.430000000000162430e+01 2.553621167909047014e-10 2.308251465711034379e-12
1.450000000000162714e+01 2.514084976440751553e-10 nan
1.470000000000162999e+01 2.409540477552885836e-10 nan
1.490000000000163283e+01 2.276847666721617772e-10 nan
1.510000000000163567e+01 2.135655758065762709e-10 nan
1.530000000000163851e+01 1.990146907076913996e-10 nan
1.550000000000164135e+01 1.819459214388071852e-10 nan
1.570000000000164420e+01 1.749722078316859345e-10 nan
1.590000000000164704e+01 1.659671706872504018e-10 nan
1.610000000000164988e+01 1.614693607296424778e-10 nan
1.630000000000165272e+01 1.571054013331689786e-10 nan
1.650000000000165556e+01 1.554027271581149327e-10 nan
1.670000000000165841e+01 1.592534630245578372e-10 nan
1.690000000000166125e+01 1.589425301886395429e-10 nan
1.710000000000166409e+01 1.634801074384036091e-10 nan
1.730000000000166693e+01 1.677998208935503063e-10 nan
1.750000000000166978e+01 1.671764894640430185e-10 nan
1.770000000000167262e+01 1.660072834628462678e-10 nan
1.790000000000167546e+01 1.672620499330283881e-10 nan
1.810000000000167830e+01 1.698173903814514900e-10 nan
1.830000000000168114e+01 1.700648745002702666e-10 nan
1.850000000000168399e+01 1.694334081285391169e-10 nan
1.870000000000168683e+01 1.703663015197514474e-10 nan
1.890000000000168967e+01 1.757624233816427867e-10 nan
1.910000000000169251e+01 1.774030823095237584e-10 nan
1.930000000000169535e+01 1.778922389896130922e-10 nan
1.950000000000169820e+01 1.753397691307686741e-10 nan
1.970000000000170104e+01 1.796484949710945726e-10 nan
1.990000000000170388e+01 1.874447664934250479e-10 nan
2.010000000000170672e+01 1.905455014622714989e-10 nan
2.030000000000170957e+01 1.865208686950180397e-10 nan
2.050000000000171241e+01 1.888862394372167173e-10 nan
2.070000000000171525e+01 1.896920379382781803e-10 nan
2.090000000000171809e+01 1.860341958798236285e-10 nan
2.110000000000172093e+01 1.890160843036855308e-10 nan
2.130000000000172378e+01 1.946449577430983218e-10 nan
2.150000000000172662e+01 1.945742041166772926e-10 nan
2.170000000000172946e+01 1.947686168066755474e-10 nan
2.190000000000173230e+01 1.976540560236916153e-10 nan
2.210000000000173515e+01 2.001393125995614558e-10 nan
2.230000000000173799e+01 2.056305710312179434e-10 nan
2.250000000000174083e+01 2.134750560465444303e-10 nan
2.270000000000174367e+01 2.217223491527011762e-10 nan
2.290000000000174651e+01 2.273287712103278346e-10 nan
2.310000000000174936e+01 2.357839826600299744e-10 nan
2.330000000000175220e+01 2.380878501640381242e-10 nan
2.350000000000175504e+01 2.388814887728833263e-10 nan
2.370000000000175788e+01 2.305116417452366353e-10 nan
2.390000000000176072e+01 2.253988053248011465e-10 nan
2.410000000000176357e+01 2.199300527048184352e-10 nan
2.430000000000176641e+01 2.093833921000151559e-10 nan
2.450000000000176925e+01 2.014818147130273475e-10 nan
2.470000000000177209e+01 2.005115312815612421e-10 nan
2.490000000000177494e+01 1.969870386120505218e-10 nan
2.510000000000177778e+01 1.940031640460214275e-10 nan
2.530000000000178062e+01 1.901037611221703254e-10 nan
2.550000000000178346e+01 1.907482664010916924e-10 nan
2.570000000000178630e+01 1.907295602272201309e-10 nan
2.590000000000178915e+01 1.884553822739875491e-10 nan
2.610000000000179199e+01 1.915910524841166243e-10 nan
2.630000000000179483e+01 1.999514418805967989e-10 nan
2.650000000000179767e+01 2.045771963286470933e-10 nan
2.670000000000180052e+01 2.071037443070262085e-10 nan
2.690000000000180336e+01 2.172061914710742895e-10 nan
2.710000000000180620e+01 2.271875860724099515e-10 nan
2.730000000000180904e+01 2.413814763748708575e-10 nan
2.750000000000181188e+01 2.600330000977486107e-10 nan
2.770000000000181473e+01 2.854742763295355831e-10 nan
2.790000000000181757e+01 3.089200417353749599e-10 nan
2.810000000000181331e+01 3.421025415304073630e-10 nan
2.830000000000181615e+01 3.668836958621033486e-10 nan
2.850000000000183320e+01 3.912046088479946234e-10 nan
2.870000000000183604e+01 4.128132331122819027e-10 nan
2.890000000000182467e+01 4.241127738535502138e-10 nan
2.910000000000182752e+01 4.238102978707532996e-10 nan
2.930000000000184457e+01 4.269581532523958673e-10 nan
2.950000000000184741e+01 4.258734290693938172e-10 nan
2.970000000000183604e+01 4.272501930564121147e-10 nan
2.990000000000183888e+01 4.308255619959964044e-10 nan
3.010000000000185594e+01 4.421857198851111897e-10 nan
3.030000000000185878e+01 4.337834001914172694e-10 nan
3.050000000000184741e+01 4.181636035481555564e-10 nan
3.070000000000185025e+01 3.961817703982693151e-10 nan
3.090000000000186731e+01 3.555278766361305847e-10 nan
3.110000000000187015e+01 3.254468736344070456e-10 nan
3.130000000000185878e+01 3.078132645452585559e-10 nan
3.150000000000186162e+01 2.944171834204281289e-10 nan
3.170000000000187867e+01 3.015613583270513546e-10 nan
3.190000000000188152e+01 3.017222331463605712e-10 nan
3.210000000000187015e+01 3.036702925429894625e-10 nan
3.230000000000187299e+01 3.009432731326149069e-10 nan
3.250000000000189004e+01 3.054534149591362724e-10 nan
3.270000000000189289e+01 3.068547967857572508e-10 nan
3.290000000000188152e+01 3.132070174411192651e-10 nan
3.310000000000188436e+01 3.179007512784933941e-10 nan
3.330000000000190141e+01 3.333270171999470325e-10 nan
3.350000000000190425e+01 3.436368491524111803e-10 nan
3.370000000000189289e+01 3.480244214605677448e-10 nan
3.390000000000189573e+01 3.546011178813999112e-10 nan
3.410000000000191278e+01 3.515321088720079876e-10 nan
3.430000000000191562e+01 3.413994390220253618e-10 nan
3.450000000000190425e+01 3.336393411291910828e-10 nan
3.470000000000190710e+01 3.270801225463800680e-10 nan
3.490000000000192415e+01 3.164932961978396307e-10 nan
3.510000000000192699e+01 3.066210774873708795e-10 nan
3.530000000000191562e+01 3.046239541896540307e-10 nan
3.550000000000191847e+01 2.976715794470519124e-10 nan
3.570000000000193552e+01 2.868721834040868674e-10 nan
3.590000000000193836e+01 2.861061983675366093e-10 nan
3.610000000000192699e+01 2.883747673710878283e-10 nan
3.630000000000192983e+01 2.741086893222904626e-10 nan
3.650000000000194689e+01 2.683899921608238008e-10 nan
3.670000000000194973e+01 2.661642402939699666e-10 nan
3.690000000000193836e+01 2.678572993988549798e-10 nan
3.710000000000194120e+01 2.672655935792207456e-10 nan
3.730000000000195826e+01 2.674509559464407280e-10 nan
3.750000000000196110e+01 2.632436734716648034e-10 nan
3.770000000000194973e+01 2.604536839976108924e-10 nan
3.790000000000195257e+01 2.549982060663620218e-10 nan
3.810000000000196962e+01 2.543755664920649221e-10 nan
3.830000000000197247e+01 2.544556187136605779e-10 nan
3.850000000000196110e+01 2.526944624716971456e-10 nan
3.870000000000196394e+01 2.547260745442100906e-10 nan
3.890000000000198099e+01 2.501293064315200082e-10 nan
3.910000000000198384e+01 2.464016601795929039e-10 nan
3.930000000000197247e+01 2.430422947531230946e-10 nan
3.950000000000197531e+01 2.397686016764414763e-10 nan
3.970000000000199236e+01 2.387121672000412357e-10 nan
3.990000000000199520e+01 2.409974987428300439e-10 nan
4.010000000000198384e+01 2.466714072270342764e-10 nan
4.030000000000198668e+01 2.460476748958687416e-10 nan
4.050000000000200373e+01 2.427119047051032250e-10 nan
4.070000000000200657e+01 2.450740397760906020e-10 nan
4.090000000000199520e+01 2.456126643994000022e-10 nan
4.110000000000199805e+01 2.369835816586747820e-10 nan
4.130000000000201510e+01 2.430450323395878642e-10 nan
4.150000000000201794e+01 2.488003374450965208e-10 nan
4.170000000000200657e+01 2.567633126162491940e-10 nan
4.190000000000200941e+01 2.602937512805499247e-10 nan
4.210000000000202647e+01 2.718878319454898508e-10 nan
4.230000000000202931e+01 2.791103237588729603e-10 nan
4.250000000000201794e+01 2.933811299500356984e-10 nan
4.270000000000202078e+01 2.994344962262535214e-10 nan
4.290000000000203784e+01 3.045559377491901017e-10 nan
4.310000000000204068e+01 3.112691747152030563e-10 nan
4.330000000000202931e+01 3.157530837808519045e-10 nan
4.350000000000203215e+01 3.341841403917262314e-10 nan
4.370000000000204921e+01 3.588927085993054597e-10 nan
4.390000000000205205e+01 3.840822556660899763e-10 nan
4.410000000000204068e+01 4.155417315306300990e-10 nan
4.430000000000204352e+01 4.475635592995230267e-10 nan
4.450000000000206057e+01 4.974325132312205088e-10 nan
4.470000000000206342e+01 5.615492974438959714e-10 nan
4.490000000000205205e+01 6.287346933484102297e-10 nan
4.510000000000205489e+01 6.801344247901702022e-10 nan
4.530000000000207194e+01 6.640430127642682236e-10 nan
4.550000000000207478e+01 5.793482555904833478e-10 nan
4.570000000000206342e+01 4.722847959863657363e-10 nan
4.590000000000206626e+01 3.744650295190200524e-10 nan
4.610000000000208331e+01 3.171051609675798926e-10 nan
4.630000000000208615e+01 2.938307414104499566e-10 nan
4.650000000000207478e+01 2.953643751025258837e-10 nan
4.670000000000207763e+01 2.865465233203961039e-10 nan
4.690000000000209468e+01 2.868660826573300474e-10 nan
4.710000000000209752e+01 2.887087683006598257e-10 nan
4.730000000000208615e+01 2.866996749230132171e-10 nan
4.750000000000208900e+01 2.882806168966962044e-10 nan
4.770000000000210605e+01 3.010715607467867183e-10 nan
4.790000000000210889e+01 2.923420859754200414e-10 nan
4.810000000000209752e+01 2.954128887535250684e-10 nan
4.830000000000210036e+01 3.004075908781806056e-10 nan
4.850000000000211742e+01 3.016577994192581457e-10 nan
4.870000000000212026e+01 2.962503737386399883e-10 nan
4.890000000000210889e+01 2.978640943520500243e-10 nan
4.910000000000211173e+01 2.915688779089439513e-10 nan
4.930000000000212879e+01 3.010739681157441683e-10 nan
4.950000000000213163e+01 3.009050760390476543e-10 nan
4.970000000000212026e+01 2.965802080135301308e-10 nan
4.990000000000212310e+01 2.931220537282000067e-10 nan
5.010000000000214015e+01 2.936879622606235653e-10 nan
5.030000000000214300e+01 2.976948887659769625e-10 nan
5.050000000000213163e+01 2.945741434593914689e-10 nan
5.070000000000213447e+01 2.982273101052451089e-10 nan
5.090000000000215152e+01 3.051181884316800642e-10 nan
5.110000000000215437e+01 3.051672005546043643e-10 nan
5.130000000000214300e+01 3.074005907731470400e-10 nan
5.150000000000214584e+01 3.058022777570500262e-10 nan
5.170000000000216289e+01 3.009413045230201233e-10 nan
5.190000000000216573e+01 2.996663652610400028e-10 nan
5.210000000000215437e+01 3.029550073810465134e-10 nan
5.230000000000215721e+01 2.976722292493140771e-10 nan
5.250000000000217426e+01 3.037751786253100325e-10 nan
5.270000000000217710e+01 3.053378688813290310e-10 nan
5.290000000000216573e+01 2.928549214002089725e-10 nan
5.310000000000216858e+01 2.918915581863580477e-10 nan
5.330000000000218563e+01 3.023101037467879391e-10 nan
5.350000000000218847e+01 2.921994814262600643e-10 nan
5.370000000000217710e+01 2.920113235048310447e-10 nan
5.390000000000217995e+01 2.932518323281769994e-10 nan
5.410000000000219700e+01 2.980189727089081280e-10 nan
5.430000000000219984e+01 3.106040088505210442e-10 nan
5.450000000000218847e+01 3.077334784357480818e-10 nan
5.470000000000219131e+01 3.208489570520158775e-10 nan
5.490000000000220837e+01 3.278766448935689501e-10 nan
5.510000000000221121e+01 3.345123715941500002e-10 nan
5.530000000000219984e+01 3.541114944256198150e-10 nan
5.550000000000220268e+01 3.555755471281459123e-10 nan
5.570000000000221974e+01 3.628079260362488286e-10 nan
5.590000000000222258e+01 3.686737645104881625e-10 nan
5.610000000000221121e+01 3.943694293976830067e-10 nan
5.630000000000221405e+01 4.342977251103589096e-10 nan
5.650000000000223110e+01 4.730122526178699882e-10 nan
5.670000000000223395e+01 5.228166681702907676e-10 nan
5.690000000000222258e+01 5.913838430326311954e-10 nan
5.710000000000222542e+01 6.479278752051859766e-10 nan
5.730000000000224247e+01 6.373902920188311247e-10 nan
5.750000000000224532e+01 5.553121223694511636e-10 nan
5.770000000000223395e+01 4.432843951679598800e-10 nan
5.790000000000223679e+01 3.536862456925979320e-10 nan
5.810000000000225384e+01 3.041718173311750483e-10 nan
5.830000000000225668e+01 2.929056498114108685e-10 nan
5.850000000000224532e+01 2.949513026486679943e-10 nan
5.870000000000224816e+01 3.009197139738500382e-10 nan
5.890000000000226521e+01 2.895010535666772321e-10 nan
5.910000000000226805e+01 3.013345576246120892e-10 nan
5.930000000000225668e+01 3.004445916280287303e-10 nan
5.950000000000225953e+01 2.920324085203520451e-10 nan
5.970000000000227658e+01 3.015903387315693553e-10 nan
5.990000000000227942e+01 3.044790949906830182e-10 nan
6.010000000000226805e+01 3.072225726331849533e-10 nan
6.030000000000227089e+01 3.128676657405878990e-10 nan
6.050000000000228795e+01 3.142823765594912154e-10 nan
6.070000000000229079e+01 3.128728148354510845e-10 nan
6.090000000000227942e+01 3.103572043594964325e-10 nan
6.110000000000228226e+01 3.085728273064589502e-10 nan
6.130000000000229932e+01 3.066240870262367835e-10 nan
6.150000000000230216e+01 3.184939813886521494e-10 nan
6.170000000000229079e+01 3.234670299499699711e-10 nan
6.190000000000229363e+01 3.394349836979381124e-10 nan
6.210000000000231068e+01 3.440307535588484064e-10 nan
6.230000000000231353e+01 3.389070053910538923e-10 nan
6.250000000000230216e+01 3.472603418905169608e-10 nan
6.270000000000230500e+01 3.497880562549455470e-10 nan
6.290000000000232205e+01 3.559192481153276174e-10 nan
6.310000000000232490e+01 3.507061232067920910e-10 nan
6.330000000000231353e+01 3.504761689178281038e-10 nan
6.350000000000231637e+01 3.541171105027550124e-10 nan
6.370000000000233342e+01 3.438815764740775633e-10 nan
6.390000000000233626e+01 3.694440430311555578e-10 nan
6.410000000000232490e+01 3.948466205349910804e-10 nan
6.430000000000232774e+01 4.115642399824372916e-10 nan
6.450000000000234479e+01 4.059146497647065422e-10 nan
6.470000000000234763e+01 4.421991348551070181e-10 nan
6.490000000000233626e+01 4.710086638690560828e-10 nan
6.510000000000233911e+01 4.961136288182190480e-10 nan
6.530000000000235616e+01 5.242292963007981967e-10 nan
6.550000000000235900e+01 5.741066904925796805e-10 nan
6.570000000000234763e+01 6.219371193344721068e-10 nan
6.590000000000235048e+01 6.994252723401660777e-10 nan
6.610000000000236753e+01 8.121586102787290819e-10 nan
6.630000000000237037e+01 9.584814632953403978e-10 nan
6.650000000000235900e+01 1.143095161878408533e-09 nan
6.670000000000236184e+01 1.416004692302229840e-09 nan
6.690000000000237890e+01 1.732211601590389404e-09 nan
6.710000000000238174e+01 1.976291283604620177e-09 nan
6.730000000000237037e+01 2.063431425175830285e-09 nan
6.750000000000237321e+01 1.908948872545121257e-09 nan
6.770000000000239027e+01 1.694123712684609841e-09 nan
6.790000000000239311e+01 1.454542373426449313e-09 nan
6.810000000000238174e+01 1.079351965158949957e-09 nan
6.830000000000238458e+01 7.240376486502199003e-10 nan
6.850000000000240163e+01 5.344766183322989747e-10 nan
6.870000000000240448e+01 4.672800330057599952e-10 nan
6.890000000000239311e+01 4.272006201647919602e-10 nan
6.910000000000239595e+01 4.162364360004162136e-10 nan
6.930000000000241300e+01 4.213565278312029314e-10 nan
6.950000000000241585e+01 4.497597503110399476e-10 nan
6.970000000000240448e+01 4.659907032613200137e-10 nan
6.990000000000240732e+01 4.740523860044400485e-10 nan
7.010000000000242437e+01 4.723343573996599776e-10 nan
7.030000000000242721e+01 4.908595594003299380e-10 nan
7.050000000000241585e+01 4.896559009677199207e-10 nan
7.070000000000241869e+01 4.813870054328300371e-10 nan
7.090000000000243574e+01 4.850354137825599777e-10 nan
7.110000000000243858e+01 5.063881592143798557e-10 nan
7.130000000000242721e+01 4.829035537658600435e-10 nan
7.150000000000243006e+01 4.737261406843239842e-10 nan
7.170000000000244711e+01 4.818318233276799005e-10 nan
7.190000000000244995e+01 4.835351661204699442e-10 nan
7.210000000000243858e+01 4.863691682362998399e-10 nan
7.230000000000244142e+01 4.975652186845498460e-10 nan
7.250000000000245848e+01 5.060027928655900400e-10 nan
7.270000000000246132e+01 5.136017688781299770e-10 nan
7.290000000000244995e+01 5.043436000446200325e-10 nan
7.310000000000245279e+01 5.138660594354198981e-10 nan
7.330000000000246985e+01 5.001176247553499534e-10 nan
7.350000000000247269e+01 4.887920042259500902e-10 nan
7.370000000000246132e+01 5.100065960319600402e-10 nan
7.390000000000246416e+01 5.073369551984299881e-10 nan
7.410000000000248122e+01 5.005915376475299361e-10 nan
7.430000000000248406e+01 5.329921161769299970e-10 nan
7.450000000000247269e+01 5.441063422803901526e-10 nan
7.470000000000247553e+01 5.407841355477998258e-10 nan
7.490000000000249258e+01 5.443851738781601081e-10 nan
7.510000000000249543e+01 5.455601727516201937e-10 nan
7.530000000000248406e+01 5.427921347044799473e-10 nan
7.550000000000248690e+01 5.331747284983497665e-10 nan
7.570000000000250395e+01 5.202808841280200085e-10 nan
7.590000000000250679e+01 5.251550015965698717e-10 nan
7.610000000000249543e+01 5.472823785513700186e-10 nan
7.630000000000249827e+01 5.756271710258301191e-10 nan
7.650000000000251532e+01 5.963978072292700227e-10 nan
7.670000000000251816e+01 5.879616249912999266e-10 nan
7.690000000000250679e+01 5.902069765840800717e-10 nan
7.710000000000250964e+01 6.393631356744499421e-10 nan
7.730000000000252669e+01 6.640315517280102944e-10 nan
7.750000000000252953e+01 6.152774968530100728e-10 nan
7.770000000000251816e+01 6.274674066749997178e-10 nan
7.790000000000252101e+01 6.047434222315500274e-10 nan
7.810000000000253806e+01 5.802597450007400386e-10 nan
7.830000000000254090e+01 5.820361397767599360e-10 nan
7.850000000000252953e+01 5.677180320527499086e-10 nan
7.870000000000253237e+01 6.141153407425701361e-10 nan
7.890000000000254943e+01 6.410292093567199437e-10 nan
7.910000000000255227e+01 6.906254060236699492e-10 nan
7.930000000000254090e+01 8.104139443442001392e-10 nan
7.950000000000254374e+01 9.354867761693999645e-10 nan
7.970000000000256080e+01 1.079549276331000024e-09 nan
7.990000000000256364e+01 9.861727090329001251e-10 nan
