-4.990000000000000568e+01 7.460497965593987047e-07 nan
-4.970000000000000284e+01 -2.435795097397998801e-07 nan
-4.950000000000001421e+01 -2.818386582929748483e-06 nan
-4.930000000000001137e+01 -3.900089046167099707e-06 nan
-4.910000000000002274e+01 -4.936188843436999263e-06 nan
-4.890000000000001990e+01 -6.334666831000196674e-06 nan
-4.870000000000003126e+01 -8.976928551821280916e-06 nan
-4.850000000000002842e+01 -1.334884495406899444e-05 nan
-4.830000000000003979e+01 -1.462153973351800525e-05 nan
-4.810000000000003695e+01 -1.324470463202349614e-05 nan
-4.790000000000004832e+01 -1.206489381901570401e-05 nan
-4.770000000000004547e+01 -1.026837071592869919e-05 nan
-4.750000000000005684e+01 -8.970610050239700119e-06 nan
-4.730000000000005400e+01 -7.401421241577611520e-06 nan
-4.710000000000006537e+01 -4.067154537792901123e-06 nan
-4.690000000000006253e+01 -2.497338454073201167e-06 nan
-4.670000000000007390e+01 -2.136710011436800717e-06 nan
-4.650000000000007105e+01 -3.495801969900201521e-06 nan
-4.630000000000008242e+01 -5.728412166448300185e-06 nan
-4.610000000000007958e+01 -8.225677157760101862e-06 nan
-4.590000000000009095e+01 -9.758469005322197723e-06 nan
-4.570000000000008811e+01 -1.062445904602687167e-05 nan
-4.550000000000009948e+01 -1.051320588329980122e-05 nan
-4.530000000000009663e+01 -7.419490715971200520e-06 nan
-4.510000000000010800e+01 -5.688574220485001032e-06 nan
-4.490000000000010516e+01 -3.203352567152869219e-06 nan
-4.470000000000011653e+01 1.000322964365799918e-06 nan
-4.450000000000011369e+01 1.788729372213700432e-06 nan
-4.430000000000012506e+01 3.415381119690999483e-06 nan
-4.410000000000012221e+01 3.331334008774388748e-06 nan
-4.390000000000013358e+01 3.212710612001400274e-06 nan
-4.370000000000013074e+01 3.905974913061522024e-06 nan
-4.350000000000014211e+01 5.702679769627440752e-06 nan
-4.330000000000013927e+01 6.684096068237731458e-06 nan
-4.310000000000015064e+01 6.484989743389300066e-06 nan
-4.290000000000014779e+01 7.489015242548501923e-06 nan
-4.270000000000015916e+01 8.198634750199996132e-06 nan
-4.250000000000015632e+01 7.681808815969699603e-06 nan
-4.230000000000016769e+01 6.325973977377199885e-06 nan
-4.210000000000016485e+01 5.777595165716219400e-06 nan
-4.190000000000017621e+01 4.220954539362748062e-06 nan
-4.170000000000017337e+01 6.654682540233201490e-06 nan
-4.150000000000018474e+01 5.180950923462601103e-06 nan
-4.130000000000018190e+01 4.555914706677079659e-06 nan
-4.110000000000019327e+01 4.753043855428268763e-06 nan
-4.090000000000019043e+01 4.366230127170028662e-06 nan
-4.070000000000020179e+01 3.314980596074968709e-06 nan
-4.050000000000019895e+01 5.081227777342802719e-06 nan
-4.030000000000021032e+01 7.239644115818727799e-06 nan
-4.010000000000020748e+01 9.449339733660603880e-06 nan
-3.990000000000021885e+01 9.517125350534779077e-06 nan
-3.970000000000021600e+01 1.219829419689708441e-05 nan
-3.950000000000022737e+01 1.663362405569172013e-05 nan
-3.930000000000022453e+01 1.958758052967969425e-05 nan
-3.910000000000023590e+01 2.042506879870349475e-05 nan
-3.890000000000023306e+01 1.831633516305950242e-05 nan
-3.870000000000024443e+01 2.094855529291710680e-05 nan
-3.850000000000024158e+01 2.544706333373000320e-05 nan
-3.830000000000025295e+01 2.289193136424040150e-05 nan
-3.810000000000025011e+01 1.692897712865350379e-05 nan
-3.790000000000026148e+01 1.292629552143485271e-05 nan
-3.770000000000025864e+01 8.957390861278797275e-06 nan
-3.750000000000027001e+01 9.768413602475614442e-06 nan
-3.730000000000026716e+01 1.140456406040180840e-05 nan
-3.710000000000027853e+01 1.453725023146263258e-05 nan
-3.690000000000027569e+01 1.804399204631399310e-05 nan
-3.670000000000028706e+01 1.996460260872809551e-05 nan
-3.650000000000028422e+01 2.337671786256451182e-05 nan
-3.630000000000029559e+01 3.151206250615990156e-05 nan
-3.610000000000029274e+01 3.372948813634821155e-05 nan
-3.590000000000030411e+01 3.063757070262871463e-05 nan
-3.570000000000030127e+01 2.965787930951224789e-05 nan
-3.550000000000031264e+01 2.833402467172619981e-05 nan
-3.530000000000030980e+01 2.711157946051705368e-05 nan
-3.510000000000032117e+01 2.533538552509086931e-05 nan
-3.490000000000031832e+01 2.291519742693954269e-05 nan
-3.470000000000032969e+01 2.634435576526549070e-05 nan
-3.450000000000032685e+01 3.438879740413608563e-05 nan
-3.430000000000033822e+01 3.796291491908180047e-05 nan
-3.410000000000033538e+01 4.376936221691230097e-05 nan
-3.390000000000034674e+01 4.875809746247831722e-05 nan
-3.370000000000034390e+01 5.032094552595726614e-05 nan
-3.350000000000035527e+01 5.687045872293397617e-05 nan
-3.330000000000035243e+01 5.984930375138887822e-05 nan
-3.310000000000036380e+01 5.662767592594660735e-05 nan
-3.290000000000036096e+01 5.538277850414989790e-05 nan
-3.270000000000037232e+01 5.260378867472051293e-05 nan
-3.250000000000036948e+01 5.070794349669990387e-05 nan
-3.230000000000038085e+01 5.335315401692929875e-05 nan
-3.210000000000037801e+01 5.876200532413333678e-05 nan
-3.190000000000038582e+01 6.639313185009847922e-05 nan
-3.170000000000039009e+01 7.147268753681380025e-05 nan
-3.150000000000039435e+01 7.853997608054359507e-05 nan
-3.130000000000039861e+01 8.248430706507112913e-05 nan
-3.110000000000040288e+01 8.777866297077705751e-05 nan
-3.090000000000040714e+01 8.507892250927239625e-05 nan
-3.070000000000041140e+01 7.525690791621681645e-05 nan
-3.050000000000041567e+01 6.756911464301622045e-05 nan
-3.030000000000041993e+01 6.133573292774919400e-05 nan
-3.010000000000042419e+01 5.786275311861809663e-05 nan
-2.990000000000042846e+01 5.602470671555270749e-05 nan
-2.970000000000043272e+01 5.504742673564769656e-05 nan
-2.950000000000043698e+01 6.042854232921604567e-05 nan
-2.930000000000044125e+01 6.357196325362119967e-05 nan
-2.910000000000044551e+01 6.242876939685696835e-05 nan
-2.890000000000044977e+01 6.122075264018582484e-05 nan
-2.870000000000045404e+01 6.536871356995151464e-05 nan
-2.850000000000045830e+01 7.328828729359872154e-05 nan
-2.830000000000046256e+01 8.176479024014491248e-05 nan
-2.810000000000046683e+01 8.310356291258178896e-05 nan
-2.790000000000047109e+01 8.557920945678179538e-05 nan
-2.770000000000047535e+01 9.613962639431873430e-05 nan
-2.750000000000047962e+01 1.015019213556514574e-04 nan
-2.730000000000048388e+01 1.062432194723397761e-04 nan
-2.710000000000048814e+01 1.128662234927590893e-04 nan
-2.690000000000049241e+01 1.218177389695451176e-04 nan
-2.670000000000049667e+01 1.301105327892060229e-04 nan
-2.650000000000050093e+01 1.303036745593054565e-04 nan
-2.630000000000050520e+01 1.307796320025524268e-04 nan
-2.610000000000050946e+01 1.314891212472722194e-04 nan
-2.590000000000051372e+01 1.296985631417996892e-04 nan
-2.570000000000051799e+01 1.332365901090885841e-04 nan
-2.550000000000052225e+01 1.262691610476058949e-04 9.461449264885704805e-06
-2.530000000000052651e+01 1.285100095946376669e-04 9.679012924849016565e-06
-2.510000000000053078e+01 1.315388210155532588e-04 9.663573380140197188e-06
-2.490000000000053504e+01 1.359017905467922933e-04 9.721798254505130269e-06
-2.470000000000053930e+01 1.508760639350830140e-04 1.023287205057593067e-05
-2.450000000000054357e+01 1.592876367915277197e-04 1.055968951641036837e-05
-2.430000000000054783e+01 1.714156554978777769e-04 1.096888233333666033e-05
-2.410000000000055209e+01 1.846815627828267317e-04 1.131796185691095811e-05
-2.390000000000055635e+01 2.001110119061047597e-04 1.165055768546465731e-05
-2.370000000000056062e+01 2.035537145641959616e-04 1.171189961167682254e-05
-2.350000000000056488e+01 2.080509099883778520e-04 1.170036954810583412e-05
-2.330000000000056914e+01 2.250824892360897751e-04 1.202631315217998329e-05
-2.310000000000057341e+01 2.470013733908377283e-04 1.262677788442826557e-05
-2.290000000000057767e+01 2.587881613354052436e-04 1.303481305359280780e-05
-2.270000000000058193e+01 2.649346300677844399e-04 1.332800525050647266e-05
-2.250000000000058620e+01 2.735741209601565572e-04 1.357357002300968513e-05
-2.230000000000059046e+01 2.772665422656842038e-04 1.358437093182065340e-05
-2.210000000000059472e+01 2.787715834558878564e-04 1.356612398122621717e-05
-2.190000000000059899e+01 2.844108336240107728e-04 1.365922742284048217e-05
-2.170000000000060325e+01 2.865442190995370832e-04 1.388380377181222431e-05
-2.150000000000060751e+01 2.950228343040350192e-04 1.413197799365474850e-05
-2.130000000000061178e+01 3.093505755325938705e-04 1.449430523308515233e-05
-2.110000000000061604e+01 3.308389312539996067e-04 1.507717468150195108e-05
-2.090000000000062030e+01 3.489075023502682341e-04 1.548108349394802219e-05
-2.070000000000062457e+01 3.627680660725703414e-04 1.567237481800748777e-05
-2.050000000000062883e+01 3.912542105369689401e-04 1.627622813114734963e-05
-2.030000000000063309e+01 4.123015227868488675e-04 1.658023050331862530e-05
-2.010000000000063736e+01 4.326133530828790556e-04 1.693257703273024574e-05
-1.990000000000064162e+01 4.400029059229981234e-04 1.699407624089349848e-05
-1.970000000000064588e+01 4.595222788362145032e-04 1.721975007556199040e-05
-1.950000000000065015e+01 4.786926453057299300e-04 1.751015609221613490e-05
-1.930000000000065441e+01 4.719707756798775301e-04 1.752887892475402470e-05
-1.910000000000065867e+01 4.587080773090786807e-04 1.721343880993645239e-05
-1.890000000000066294e+01 4.576205487105310587e-04 1.707810586219821365e-05
-1.870000000000066720e+01 4.622801358550020787e-04 1.724953510343312155e-05
-1.850000000000067146e+01 4.786214953176637127e-04 1.753052273286421331e-05
-1.830000000000067573e+01 4.952151798221749671e-04 1.770086338926601607e-05
-1.810000000000067999e+01 5.417201710095399542e-04 1.896529699261793300e-05
-1.790000000000068425e+01 5.883969618141373769e-04 2.009535433099343332e-05
-1.770000000000068852e+01 6.074886345675900926e-04 2.042390987526599265e-05
-1.750000000000069278e+01 6.311699528397846136e-04 2.075833372062890701e-05
-1.730000000000069704e+01 6.532421393641491859e-04 2.103345578161334151e-05
-1.710000000000070131e+01 6.704406604565020002e-04 2.108147951795650752e-05
-1.690000000000070557e+01 6.900647199924131274e-04 2.132140107633007073e-05
-1.670000000000070983e+01 6.992765966314869229e-04 2.151743570664404377e-05
-1.650000000000071410e+01 7.258164728045370627e-04 2.196871072806830409e-05
-1.630000000000071836e+01 7.476202577292199655e-04 2.226074597158866265e-05
-1.610000000000072262e+01 7.699494284207218826e-04 2.271135191708632611e-05
-1.590000000000072689e+01 8.087920555679118349e-04 2.319570151765797350e-05
-1.570000000000073115e+01 8.466924898067220004e-04 2.392826560023227319e-05
-1.550000000000073541e+01 8.729028414390982470e-04 2.453875430804897657e-05
-1.530000000000073967e+01 9.033782858444519863e-04 2.497203500670373030e-05
-1.510000000000074394e+01 9.437430590468327786e-04 2.526526926466742009e-05
-1.490000000000074820e+01 9.926428043490408918e-04 2.577767581009130659e-05
-1.470000000000075246e+01 1.032410481417227145e-03 2.602746972458714811e-05
-1.450000000000075673e+01 1.083473282265591921e-03 2.678103737496558977e-05
-1.430000000000076099e+01 1.160400653285011607e-03 2.800388452698383942e-05
-1.410000000000076525e+01 1.230550494180052959e-03 2.884323995841501367e-05
-1.390000000000076952e+01 1.291693677748677067e-03 2.954019006046994789e-05
-1.370000000000077378e+01 1.357253035174407763e-03 3.025821112441585967e-05
-1.350000000000077804e+01 1.443248902872352676e-03 3.096916247331559814e-05
-1.330000000000078231e+01 1.521382394148938257e-03 3.194482306869543157e-05
-1.310000000000078657e+01 1.582991145970588870e-03 3.269419352774672753e-05
-1.290000000000079083e+01 1.649062591597177897e-03 3.332364792121431991e-05
-1.270000000000079510e+01 1.706214499350517701e-03 3.388803704077066986e-05
-1.250000000000079936e+01 1.773491454256387583e-03 3.452948383241068745e-05
-1.230000000000080362e+01 1.855477989541550604e-03 3.501225331401563372e-05
-1.210000000000080789e+01 1.949920867097737097e-03 3.625256464138923868e-05
-1.190000000000081215e+01 2.034858637276750534e-03 3.726658191571609232e-05
-1.170000000000081641e+01 2.113963701747616566e-03 3.806084924132123904e-05
-1.150000000000082068e+01 2.236792270011226519e-03 3.919883725253988087e-05
-1.130000000000082494e+01 2.413322566942747386e-03 4.064275103558677047e-05
-1.110000000000082920e+01 2.635279327057344235e-03 4.227899845269942930e-05
-1.090000000000083347e+01 2.834490823282037001e-03 4.407478345175349640e-05
-1.070000000000083773e+01 3.026724348837338957e-03 4.564261482625187548e-05
-1.050000000000084199e+01 3.230412206269735447e-03 4.702487149730567260e-05
-1.030000000000084626e+01 3.420669029498895827e-03 4.835363141226413098e-05
-1.010000000000085052e+01 3.672703395879195129e-03 5.000063454418414693e-05
-9.900000000000854783e+00 3.986232467908711052e-03 5.224696411152441466e-05
-9.700000000000859046e+00 4.228867928268698756e-03 5.443480709496429433e-05
-9.500000000000863309e+00 4.450827174566358846e-03 5.604887142605732717e-05
-9.300000000000867573e+00 4.722705200081097308e-03 5.757954719233275771e-05
-9.100000000000871836e+00 5.025289550638505770e-03 5.913352111910197663e-05
-8.900000000000876099e+00 5.336077866748901652e-03 6.036640329601266518e-05
-8.700000000000880362e+00 5.752554462100570483e-03 6.290588353665390925e-05
-8.500000000000884626e+00 6.218173706964682558e-03 6.575582866902853439e-05
-8.300000000000888889e+00 6.722566869612894846e-03 6.846835052603438216e-05
-8.100000000000893152e+00 7.310736384227631453e-03 7.138087214767443078e-05
-7.900000000000897415e+00 8.040115791860334704e-03 7.490891535960984154e-05
-7.700000000000901679e+00 9.045717742567307984e-03 7.899433866290863943e-05
-7.500000000000905942e+00 1.007173328781277299e-02 8.436847116088532048e-05
-7.300000000000910205e+00 1.096795967625168247e-02 8.846705981798959686e-05
-7.100000000000914469e+00 1.199092579061555863e-02 9.221533792281414485e-05
-6.900000000000918732e+00 1.327933366117240062e-02 9.691863284920128883e-05
-6.700000000000922995e+00 1.483002006285546494e-02 1.021480019151700609e-04
-6.500000000000927258e+00 1.693506362779888252e-02 1.090480304117065090e-04
-6.300000000000931522e+00 1.907479413227674073e-02 1.167360178955755939e-04
-6.100000000000935785e+00 2.115680777846227004e-02 1.235713906342565498e-04
-5.900000000000940048e+00 2.356965665687514935e-02 1.303161107300816832e-04
-5.700000000000944311e+00 2.657229721143115550e-02 1.380852880846354690e-04
-5.500000000000948575e+00 3.054394960951550483e-02 1.472500005778953176e-04
-5.300000000000952838e+00 3.554130248789991176e-02 1.603113720616834953e-04
-5.100000000000957101e+00 4.012965963141481435e-02 1.716387099717134443e-04
-4.900000000000961364e+00 4.492719084806866964e-02 1.814930469763112876e-04
-4.700000000000965628e+00 5.065494045173653953e-02 1.923012873751790740e-04
-4.500000000000969891e+00 5.757316121654615371e-02 2.043799483095346881e-04
-4.300000000000974154e+00 6.655374299468574950e-02 2.185955810618218714e-04
-4.100000000000978417e+00 7.575299939066885979e-02 2.357370621287148752e-04
-3.900000000000982681e+00 8.422659998017809069e-02 2.499840850926778827e-04
-3.700000000000986944e+00 9.311782793247130874e-02 2.623697992292633183e-04
-3.500000000000991207e+00 1.030971656382220492e-01 2.757401681734365068e-04
-3.300000000000995470e+00 1.148529188677696600e-01 2.900015852755105823e-04
-3.100000000000999734e+00 1.287736653564979239e-01 3.087088090393706394e-04
-2.900000000001003997e+00 1.406403213024618737e-01 3.249845850790123152e-04
-2.700000000001008260e+00 1.513069296529673258e-01 3.373920494137566130e-04
-2.500000000001012523e+00 1.624389649133037572e-01 3.491238905189544871e-04
-2.300000000001016787e+00 1.745357899974656068e-01 3.608265486061756422e-04
-2.100000000001021050e+00 1.884463098576270590e-01 3.726394427423575001e-04
-1.900000000001025313e+00 2.009955906337383968e-01 3.884380505358497123e-04
-1.700000000001029576e+00 2.113977317419545865e-01 4.007628692301246553e-04
-1.500000000001033840e+00 2.212893897268079224e-01 4.096538328916171689e-04
-1.300000000001038103e+00 2.310027875910998785e-01 4.181185143435624620e-04
-1.100000000001042366e+00 2.407050342492154105e-01 4.252804623616634897e-04
-9.000000000010466294e-01 2.501549890909562923e-01 4.360661349034439206e-04
-7.000000000010508927e-01 2.571071352835056500e-01 4.454479384694323934e-04
-5.000000000010551560e-01 2.613900853846434780e-01 4.497740308662577448e-04
-3.000000000010594192e-01 2.650336846252716594e-01 4.525639957587904833e-04
-1.000000000010636825e-01 2.674506799918257016e-01 4.537198850776427380e-04
9.999999999893205427e-02 2.680828654479794348e-01 4.527162091398676219e-04
2.999999999989277910e-01 2.676261843354655889e-01 4.563501374537831711e-04
4.999999999989235278e-01 2.661304512732377558e-01 4.581517937631674571e-04
6.999999999989192645e-01 2.631485086061981504e-01 4.554031144439040098e-04
8.999999999989150012e-01 2.589815431596125817e-01 4.513290917970484120e-04
1.099999999998910738e+00 2.527525555527296297e-01 4.438239422709929307e-04
1.299999999998906475e+00 2.448178039379736992e-01 4.404597420039343481e-04
1.499999999998902211e+00 2.365767182414803549e-01 4.362076244080321488e-04
1.699999999998897948e+00 2.278858232727201949e-01 4.280659205366122030e-04
1.899999999998893685e+00 2.174816253176476977e-01 4.178169270072512880e-04
2.099999999998889422e+00 2.051536017605334050e-01 4.046988909124189186e-04
2.299999999998885158e+00 1.905952780940759206e-01 3.908434328797583362e-04
2.499999999998880895e+00 1.780514793223551273e-01 3.806380640870537894e-04
2.699999999998876632e+00 1.673055151044843814e-01 3.703836847302542754e-04
2.899999999998872369e+00 1.559891881122828228e-01 3.577539597205316581e-04
3.099999999998868105e+00 1.434559155704969446e-01 3.429587613267240267e-04
3.299999999998863842e+00 1.292748757433409001e-01 3.249313186972246806e-04
3.499999999998859579e+00 1.166752861446680722e-01 3.116231749747658177e-04
3.699999999998855316e+00 1.063972377768622052e-01 2.999491660070436531e-04
3.899999999998851052e+00 9.659417272594897352e-02 2.860240073480977275e-04
4.099999999998846789e+00 8.683938939846241878e-02 2.713444572510269955e-04
4.299999999998842526e+00 7.693529732252502029e-02 2.544596121819869719e-04
4.499999999998838263e+00 6.795830067001437658e-02 2.412164863420512828e-04
4.699999999998833999e+00 6.113353804973961636e-02 2.308453502469073805e-04
4.899999999998829736e+00 5.543363973439491277e-02 2.203316684090348961e-04
5.099999999998825473e+00 5.023362478799625608e-02 2.103434583103544453e-04
5.299999999998821210e+00 4.522689102523483329e-02 1.992699029061108457e-04
5.499999999998816946e+00 4.034077150140351342e-02 1.898415027092433471e-04
5.699999999998812683e+00 3.699768320082501977e-02 1.834203272642024750e-04
5.899999999998808420e+00 3.463560169263112803e-02 1.779817237580875761e-04
6.099999999998804157e+00 3.243298786864076688e-02 1.723253964269662059e-04
6.299999999998799893e+00 3.027655165168860463e-02 1.659911167279707852e-04
6.499999999998795630e+00 2.820499654764695510e-02 1.610077277887460019e-04
6.699999999998791367e+00 2.666866793655549295e-02 1.580004630336831917e-04
6.899999999998787104e+00 2.549201544731006033e-02 1.548908725058363274e-04
7.099999999998782840e+00 2.435859198929862454e-02 1.513269912351491314e-04
7.299999999998778577e+00 2.343796274285982195e-02 1.481087511674491098e-04
7.499999999998774314e+00 2.241913849672197770e-02 1.449951387389481763e-04
7.699999999998770051e+00 2.167475842377166589e-02 1.440023818260269403e-04
7.899999999998765787e+00 2.110906693736185058e-02 1.428195629621477943e-04
8.099999999998761524e+00 2.056512220737501118e-02 1.408849440455092750e-04
8.299999999998757261e+00 1.994238607797062593e-02 1.383845257160455883e-04
8.499999999998752997e+00 1.937398388232693808e-02 1.361657589037689776e-04
8.699999999998748734e+00 1.892893757946432359e-02 1.359709539558219841e-04
8.899999999998744471e+00 1.857274340989304579e-02 1.355650395966753925e-04
9.099999999998740208e+00 1.818125674253984886e-02 1.342840794448906384e-04
9.299999999998735944e+00 1.776502996581448210e-02 1.325642793875142630e-04
9.499999999998731681e+00 1.726727629656713350e-02 1.301476322945352784e-04
9.699999999998727418e+00 1.672003043459292099e-02 1.287378783361323121e-04
9.899999999998723155e+00 1.623751108773378166e-02 1.274548816278934550e-04
1.009999999999871889e+01 1.585980531547289893e-02 1.259902710369690778e-04
1.029999999999871463e+01 1.550653310323358604e-02 1.243262750046559173e-04
1.049999999999871036e+01 1.505309484805162322e-02 1.224113642521886100e-04
1.069999999999870610e+01 1.464615938411730454e-02 1.218041427549546550e-04
1.089999999999870184e+01 1.434215395662165847e-02 1.211742388766249716e-04
1.109999999999869758e+01 1.398041950751885074e-02 1.191482708221838570e-04
1.129999999999869331e+01 1.361721787684721380e-02 1.172981666627679649e-04
1.149999999999868905e+01 1.328612208694250618e-02 1.157207945998199665e-04
1.169999999999868479e+01 1.295942286989549067e-02 1.154478604742608760e-04
1.189999999999868052e+01 1.269507015833460511e-02 1.151698659332359045e-04
1.209999999999867626e+01 1.229042959787854036e-02 1.132504822774509274e-04
1.229999999999867200e+01 1.192150438842481258e-02 1.113796830113850177e-04
1.249999999999866773e+01 1.158147485211660603e-02 1.099523105575326052e-04
1.269999999999866347e+01 1.128418150963716657e-02 1.097259169783761762e-04
1.289999999999865921e+01 1.102674960938780299e-02 1.091769533391903185e-04
1.309999999999865494e+01 1.086876485541515489e-02 1.082635742576569060e-04
1.329999999999865068e+01 1.069876519588983978e-02 1.070902461860214042e-04
1.349999999999864642e+01 1.040069064316803335e-02 1.057410310031110920e-04
1.369999999999864215e+01 1.005925790453897004e-02 1.049868012232762571e-04
1.389999999999863789e+01 9.767946409439691793e-03 1.039834162882393912e-04
1.409999999999863007e+01 9.512440670492226455e-03 1.026686889239098089e-04
1.429999999999862581e+01 9.287328566338825739e-03 1.015242305830169669e-04
1.449999999999862865e+01 8.987385667989527052e-03 1.001215679503551342e-04
1.469999999999862439e+01 8.856633404773217588e-03 1.006238456647325514e-04
1.489999999999861302e+01 8.757352940034745722e-03 1.004069485809639002e-04
1.509999999999860876e+01 8.528563440520576036e-03 9.853746449408857329e-05
1.529999999999861160e+01 8.298406057469110558e-03 9.670858938295335422e-05
1.549999999999860734e+01 8.222970925901972733e-03 9.681183622625202641e-05
1.569999999999859597e+01 8.092383452428316901e-03 9.699650648334463517e-05
1.589999999999859170e+01 7.995200132757278311e-03 9.718490328014781933e-05
1.609999999999859455e+01 7.885009675902594425e-03 9.630645323831048526e-05
1.629999999999859028e+01 7.719424383206773509e-03 9.437458564600952656e-05
1.649999999999857891e+01 7.458052084681103013e-03 9.305260376355750369e-05
1.669999999999857465e+01 7.131786205059810480e-03 9.137131709331725081e-05
1.689999999999857749e+01 6.978309709284261780e-03 9.020231693613608255e-05
1.709999999999857323e+01 6.891613398392791405e-03 8.998500105473011498e-05
1.729999999999856186e+01 6.800332556578620943e-03 8.917751147788958662e-05
1.749999999999855760e+01 6.722906889902961064e-03 8.956547542777105900e-05
1.769999999999856044e+01 6.720309018987472884e-03 9.022825125313504145e-05
1.789999999999855618e+01 6.583779247392758729e-03 8.891386965100642073e-05
1.809999999999854481e+01 6.414831650769651020e-03 8.742867393370521898e-05
1.829999999999854055e+01 6.307495199054330946e-03 8.650832118791376864e-05
1.849999999999854339e+01 6.246793251685305026e-03 8.679203950138805984e-05
1.869999999999853912e+01 6.278206110676456432e-03 8.752996894734582894e-05
1.889999999999852776e+01 6.304100604327859438e-03 8.789171213615441065e-05
1.909999999999852349e+01 6.309300962346338359e-03 8.757708253251129385e-05
1.929999999999852633e+01 6.282647579162246518e-03 8.733359807877285252e-05
1.949999999999852207e+01 6.260642742549234196e-03 8.794539156322577151e-05
1.969999999999851070e+01 6.164176769176276001e-03 8.743148955313058814e-05
1.989999999999850644e+01 6.065527729536616258e-03 8.619503583705764318e-05
2.009999999999850928e+01 6.009247309659492171e-03 8.535041356263096003e-05
2.029999999999850502e+01 6.003907494388705489e-03 8.582322184483270053e-05
2.049999999999849365e+01 6.076547236601873361e-03 8.704472705017397372e-05
2.069999999999848939e+01 6.097785007742488605e-03 8.772484497310154093e-05
2.089999999999849223e+01 6.131497623780665651e-03 8.807894943152473849e-05
2.109999999999848797e+01 6.105362199576381058e-03 8.725173275573265943e-05
2.129999999999847660e+01 6.030665641298944661e-03 8.703005891649638170e-05
2.149999999999847233e+01 5.929561809016936635e-03 8.681166897313675275e-05
2.169999999999847518e+01 5.868929355854599419e-03 8.602643128410679537e-05
2.189999999999847091e+01 5.865405123530498949e-03 8.557882548407025900e-05
2.209999999999845954e+01 5.950868663691724625e-03 8.631579784643365753e-05
2.229999999999845528e+01 5.981223024423726851e-03 8.732874888982423273e-05
2.249999999999845812e+01 6.053362474179283144e-03 8.843855691582719824e-05
2.269999999999845386e+01 6.093812161368938711e-03 8.905376329655703943e-05
2.289999999999844249e+01 5.998413964041981843e-03 8.763962307067889215e-05
2.309999999999843823e+01 5.910456507500188271e-03 8.735358004550861566e-05
2.329999999999844107e+01 5.895971496556259503e-03 8.809320254192413524e-05
2.349999999999843681e+01 5.857752484785418330e-03 8.767234510086079438e-05
2.369999999999842544e+01 5.890228713020849785e-03 8.764052115781152121e-05
2.389999999999842117e+01 6.007346901696533625e-03 8.803061802948968211e-05
2.409999999999842402e+01 6.038248350275029867e-03 8.857346004527495340e-05
2.429999999999841975e+01 6.051452738771831603e-03 8.935967570128753462e-05
2.449999999999840838e+01 6.105964924252717078e-03 nan
2.469999999999840412e+01 6.073556427140929317e-03 nan
2.489999999999840696e+01 6.020855510034399567e-03 nan
2.509999999999840270e+01 5.962848281399729666e-03 nan
2.529999999999839133e+01 5.958659934806528891e-03 nan
2.549999999999838707e+01 5.975091709051758362e-03 nan
2.569999999999838991e+01 6.192872316292853327e-03 nan
2.589999999999838565e+01 6.336155325149141551e-03 nan
2.609999999999837428e+01 6.472598387141003697e-03 nan
2.629999999999837001e+01 6.674198944402991683e-03 nan
2.649999999999837286e+01 6.910499652436246157e-03 nan
2.669999999999836859e+01 7.192421892101141280e-03 nan
2.689999999999835723e+01 7.403845825280987690e-03 nan
2.709999999999835296e+01 7.607086335522558404e-03 nan
2.729999999999835580e+01 7.699536522058895993e-03 nan
2.749999999999835154e+01 7.811948758187995008e-03 nan
2.769999999999834017e+01 7.951047074130095441e-03 nan
2.789999999999833591e+01 8.111905859333202670e-03 nan
2.809999999999833875e+01 8.305360541873210711e-03 nan
2.829999999999833449e+01 8.540012578786001368e-03 nan
2.849999999999832312e+01 8.706579602964979042e-03 nan
2.869999999999831886e+01 8.830339623685588835e-03 nan
2.889999999999832170e+01 8.951408780367353310e-03 nan
2.909999999999831743e+01 8.996906704919932149e-03 nan
2.929999999999830607e+01 9.008483190749408745e-03 nan
2.949999999999830180e+01 8.949795372547622932e-03 nan
2.969999999999830465e+01 8.900653965949124197e-03 nan
2.989999999999830038e+01 8.782200812786647437e-03 nan
3.009999999999828901e+01 8.607221755671686653e-03 nan
3.029999999999828475e+01 8.494754226542090836e-03 nan
3.049999999999828759e+01 8.361655167987329731e-03 nan
3.069999999999828333e+01 8.119584929477709212e-03 nan
3.089999999999827196e+01 7.897825213390810908e-03 nan
3.109999999999826770e+01 7.594320612738729437e-03 nan
3.129999999999827054e+01 7.332190156830721735e-03 nan
3.149999999999826628e+01 7.130461082511197791e-03 nan
3.169999999999825491e+01 6.952896249525107250e-03 nan
3.189999999999825064e+01 6.707314708967381141e-03 nan
3.209999999999825349e+01 6.448355795662710430e-03 nan
3.229999999999824922e+01 6.196406008026110815e-03 nan
3.249999999999823785e+01 5.986037081397221037e-03 nan
3.269999999999823359e+01 5.815131657926339570e-03 nan
3.289999999999823643e+01 5.627539776082059707e-03 nan
3.309999999999823217e+01 5.485122048849509768e-03 nan
3.329999999999822080e+01 5.327251775261369719e-03 nan
3.349999999999821654e+01 5.101095792167412331e-03 nan
3.369999999999821938e+01 4.872147068749790866e-03 nan
3.389999999999821512e+01 4.624651806139248693e-03 nan
3.409999999999820375e+01 4.430756195204560086e-03 nan
3.429999999999819948e+01 4.317148242332018854e-03 nan
3.449999999999820233e+01 4.218091866781500075e-03 nan
3.469999999999819806e+01 4.196764325282668386e-03 nan
3.489999999999818669e+01 4.174827610932584782e-03 nan
3.509999999999818243e+01 4.176015581694072186e-03 nan
3.529999999999818527e+01 4.162420756832380629e-03 nan
3.549999999999818101e+01 4.144310370457839759e-03 nan
3.569999999999816964e+01 4.135703591891249677e-03 nan
3.589999999999816538e+01 4.082617305781180081e-03 nan
3.609999999999816822e+01 4.055816738846496419e-03 nan
3.629999999999816396e+01 4.025343715209471311e-03 nan
3.649999999999815259e+01 3.990817419840830306e-03 nan
3.669999999999814833e+01 4.033318703131859306e-03 nan
3.689999999999815117e+01 4.108767811712759656e-03 nan
3.709999999999814690e+01 4.203142720210839740e-03 nan
3.729999999999813554e+01 4.271770568990800911e-03 nan
3.749999999999813127e+01 4.231054819254879799e-03 nan
3.769999999999813411e+01 4.153011847621289852e-03 nan
3.789999999999812985e+01 4.071464670858138471e-03 nan
3.809999999999811848e+01 4.073841002409400724e-03 nan
3.829999999999811422e+01 4.081561048821799945e-03 nan
3.849999999999811706e+01 4.020800512734115303e-03 nan
3.869999999999811280e+01 3.898149447356119221e-03 nan
3.889999999999810143e+01 3.767734816021781410e-03 nan
3.909999999999809717e+01 3.710755344492481025e-03 nan
3.929999999999810001e+01 3.673745555352333093e-03 nan
3.949999999999809575e+01 3.666363248857657312e-03 nan
3.969999999999808438e+01 3.648607095265559222e-03 nan
3.989999999999808011e+01 3.573334258034229893e-03 nan
4.009999999999808296e+01 3.512759335296029503e-03 nan
4.029999999999807869e+01 3.463021336937309371e-03 nan
4.049999999999806732e+01 3.394978131888441025e-03 nan
4.069999999999806306e+01 3.387233056743509975e-03 nan
4.089999999999806590e+01 3.442665117917029574e-03 nan
4.109999999999806164e+01 3.567823108322279013e-03 nan
4.129999999999805027e+01 3.809233300963350572e-03 nan
4.149999999999804601e+01 4.024946824919668764e-03 nan
4.169999999999804885e+01 4.249489528179475374e-03 nan
4.189999999999804459e+01 4.407785529506188897e-03 nan
4.209999999999803322e+01 4.437626833729750239e-03 nan
4.229999999999802895e+01 4.472248253650780783e-03 nan
4.249999999999803180e+01 4.511992619034733455e-03 nan
4.269999999999802753e+01 4.652918723840699863e-03 nan
4.289999999999801616e+01 4.844652548823848853e-03 nan
4.309999999999801190e+01 5.123968916886522014e-03 nan
4.329999999999801474e+01 5.378839428077851655e-03 nan
4.349999999999801048e+01 5.651997000518179000e-03 nan
4.369999999999799911e+01 5.884366887389170207e-03 nan
4.389999999999799485e+01 6.012087392242578855e-03 nan
4.409999999999799769e+01 6.329445742537708787e-03 nan
4.429999999999799343e+01 6.604575441815609821e-03 nan
4.449999999999798206e+01 6.705231250292069053e-03 nan
4.469999999999797780e+01 6.733395441506499421e-03 nan
4.489999999999798064e+01 6.670187699493711382e-03 nan
4.509999999999797637e+01 6.687577084295559353e-03 nan
4.529999999999796501e+01 6.677673382382679629e-03 nan
4.549999999999796074e+01 6.540092322411109917e-03 nan
4.569999999999796358e+01 6.322095789779459511e-03 nan
4.589999999999795932e+01 6.045383946145659743e-03 nan
4.609999999999794795e+01 5.751779797556358029e-03 nan
4.629999999999794369e+01 5.565928844818979031e-03 nan
4.649999999999794653e+01 5.326788271853121447e-03 nan
4.669999999999794227e+01 5.127718000604971661e-03 nan
4.689999999999793090e+01 5.028447547283479944e-03 nan
4.709999999999792664e+01 4.906902517839361114e-03 nan
4.729999999999792948e+01 4.728582764821869303e-03 nan
4.749999999999792522e+01 4.540432191860370101e-03 nan
4.769999999999791385e+01 4.288263631612579570e-03 nan
4.789999999999790958e+01 3.948827870985149695e-03 nan
4.809999999999791243e+01 3.687126319114089092e-03 nan
4.829999999999790816e+01 3.519149975231279908e-03 nan
4.849999999999789679e+01 3.418229383624219690e-03 nan
4.869999999999789253e+01 3.339129301823700723e-03 nan
4.889999999999789537e+01 3.229503134970370705e-03 nan
4.909999999999789111e+01 3.119606048747419758e-03 nan
4.929999999999787974e+01 3.093320458550061301e-03 nan
4.949999999999787548e+01 3.016236938661209354e-03 nan
4.969999999999787832e+01 2.915820887507239532e-03 nan
4.989999999999787406e+01 2.823626998917878623e-03 nan
5.009999999999786269e+01 2.760544982154330279e-03 nan
5.029999999999785842e+01 2.789426097283611086e-03 nan
5.049999999999786127e+01 2.877060227501070794e-03 nan
5.069999999999785700e+01 2.980608656534790117e-03 nan
5.089999999999784563e+01 3.007057449805100764e-03 nan
5.109999999999784137e+01 2.888502325045028910e-03 nan
5.129999999999784421e+01 2.835332602064279811e-03 nan
5.149999999999783995e+01 2.752179497823649054e-03 nan
5.169999999999782858e+01 2.727145967377639195e-03 nan
5.189999999999782432e+01 2.791824032221319838e-03 nan
5.209999999999782716e+01 2.857425849532319300e-03 nan
5.229999999999782290e+01 2.928772031939481067e-03 nan
5.249999999999781153e+01 3.032305276063759856e-03 nan
5.269999999999780727e+01 3.065687512480490869e-03 nan
5.289999999999781011e+01 3.061036492255850717e-03 nan
5.309999999999780584e+01 3.044935239790280430e-03 nan
5.329999999999779448e+01 2.983576608424630492e-03 nan
5.349999999999779021e+01 2.958661882880618890e-03 nan
5.369999999999779305e+01 3.039397062628650635e-03 nan
5.389999999999778879e+01 3.248474088989049963e-03 nan
5.409999999999777742e+01 3.452326856644370376e-03 nan
5.429999999999777316e+01 3.589619490774119317e-03 nan
5.449999999999777600e+01 3.702611951801230896e-03 nan
5.469999999999777174e+01 3.776250571732399364e-03 nan
5.489999999999776037e+01 3.828451432069670049e-03 nan
5.509999999999775611e+01 3.850339646818118963e-03 nan
5.529999999999775895e+01 4.053195691257428790e-03 nan
5.549999999999775468e+01 4.342666107106710020e-03 nan
5.569999999999774332e+01 4.591113982307731649e-03 nan
5.589999999999773905e+01 4.743801347789938956e-03 nan
5.609999999999774190e+01 4.798123902865908397e-03 nan
5.629999999999773763e+01 4.864882731799398917e-03 nan
5.649999999999772626e+01 4.942571548675871868e-03 nan
5.669999999999772200e+01 4.940402092595717540e-03 nan
5.689999999999772484e+01 4.945669605599970972e-03 nan
5.709999999999772058e+01 4.924697675790180341e-03 nan
5.729999999999770921e+01 4.870100954483051227e-03 nan
5.749999999999770495e+01 4.738898600005501081e-03 nan
5.769999999999770779e+01 4.598676410075431403e-03 nan
5.789999999999770353e+01 4.497634288753629868e-03 nan
5.809999999999769216e+01 4.524772600651828444e-03 nan
5.829999999999768789e+01 4.523743140611381254e-03 nan
5.849999999999769074e+01 4.498565185326169717e-03 nan
5.869999999999768647e+01 4.399264938139578994e-03 nan
5.889999999999767510e+01 4.330177617847170285e-03 nan
5.909999999999767084e+01 4.230417869931332037e-03 nan
5.929999999999767368e+01 4.151421820161050810e-03 nan
5.949999999999766942e+01 4.060894138053689796e-03 nan
5.969999999999765805e+01 3.902602477477109307e-03 nan
5.989999999999765379e+01 3.819545152425530676e-03 nan
6.009999999999765663e+01 3.726226685840629532e-03 nan
6.029999999999765237e+01 3.551582617338679485e-03 nan
6.049999999999764100e+01 3.389070487220278982e-03 nan
6.069999999999763673e+01 3.249264456721630105e-03 nan
6.089999999999763958e+01 3.223940752961279924e-03 nan
6.109999999999763531e+01 3.307077720017909724e-03 nan
6.129999999999762395e+01 3.381980188585530147e-03 nan
6.149999999999761968e+01 3.359429949074489719e-03 nan
6.169999999999762252e+01 3.362045263476299076e-03 nan
6.189999999999761826e+01 3.371189969839160500e-03 nan
6.209999999999760689e+01 3.429648381899620419e-03 nan
6.229999999999760263e+01 3.493126500533710009e-03 nan
6.249999999999760547e+01 3.629487220928380008e-03 nan
6.269999999999760121e+01 3.785134403410789477e-03 nan
6.289999999999758984e+01 4.004559554508881070e-03 nan
6.309999999999758558e+01 4.120437456659249709e-03 nan
6.329999999999758842e+01 4.248113987572839888e-03 nan
6.349999999999758415e+01 4.503521512118560145e-03 nan
6.369999999999757279e+01 4.802062529723980996e-03 nan
6.389999999999756852e+01 5.097780982635779709e-03 nan
6.409999999999757847e+01 5.300414216814769083e-03 nan
6.429999999999756710e+01 5.509466461128301532e-03 nan
6.449999999999755573e+01 5.822763809402631621e-03 nan
6.469999999999754436e+01 6.265017108283120646e-03 nan
6.489999999999756142e+01 6.860783498482530066e-03 nan
6.509999999999755005e+01 7.383606428479740427e-03 nan
6.529999999999753868e+01 7.946145718508889483e-03 nan
6.549999999999752731e+01 8.641784249242450908e-03 nan
6.569999999999754436e+01 9.363727772920129450e-03 nan
6.589999999999753300e+01 9.852773135007054581e-03 nan
6.609999999999752163e+01 1.019504026216469170e-02 nan
6.629999999999751026e+01 1.034752965945676118e-02 nan
6.649999999999752731e+01 1.064344763598162706e-02 nan
6.669999999999751594e+01 1.097851326185462530e-02 nan
6.689999999999750457e+01 1.140227505818161395e-02 nan
6.709999999999749321e+01 1.179806039584808258e-02 nan
6.729999999999751026e+01 1.187742422244824313e-02 nan
6.749999999999749889e+01 1.183742515316147867e-02 nan
6.769999999999748752e+01 1.153768058997324195e-02 nan
6.789999999999747615e+01 1.141361001824080929e-02 nan
6.809999999999749321e+01 1.112493689929771115e-02 nan
6.829999999999748184e+01 1.058541355335573461e-02 nan
6.849999999999747047e+01 1.000691700979954024e-02 nan
6.869999999999745910e+01 9.437846945075217472e-03 nan
6.889999999999747615e+01 9.019078707838090042e-03 nan
6.909999999999746478e+01 8.597299330091682373e-03 nan
6.929999999999745341e+01 8.027931184014460222e-03 nan
6.949999999999744205e+01 7.532781881587482381e-03 nan
6.969999999999745910e+01 6.979977840026969048e-03 nan
6.989999999999744773e+01 6.625409678299960109e-03 nan
7.009999999999743636e+01 6.299196877389309605e-03 nan
7.029999999999742499e+01 5.985202633233179664e-03 nan
7.049999999999744205e+01 5.709364927456640759e-03 nan
7.069999999999743068e+01 5.488259969648140099e-03 nan
7.089999999999741931e+01 5.350770057612939945e-03 nan
7.109999999999740794e+01 5.319304817180719319e-03 nan
7.129999999999742499e+01 5.160159821432239169e-03 nan
7.149999999999741362e+01 5.154619106000681364e-03 nan
7.169999999999740226e+01 5.120607440015059221e-03 nan
7.189999999999739089e+01 5.203063090873830121e-03 nan
7.209999999999740794e+01 5.154600158598840291e-03 nan
7.229999999999739657e+01 4.986153942652562891e-03 nan
7.249999999999738520e+01 4.888445433972279063e-03 nan
7.269999999999737383e+01 4.915613367258383527e-03 nan
7.289999999999739089e+01 4.937595135395310766e-03 nan
7.309999999999737952e+01 4.865660876871770457e-03 nan
7.329999999999736815e+01 4.805109753548020106e-03 nan
7.349999999999735678e+01 4.921963925174981450e-03 nan
7.369999999999737383e+01 5.120665933227568946e-03 nan
7.389999999999736247e+01 5.171553606132139880e-03 nan
7.409999999999735110e+01 5.192354174145890136e-03 nan
7.429999999999733973e+01 5.193907453552368617e-03 nan
7.449999999999735678e+01 5.115345165822379574e-03 nan
7.469999999999734541e+01 4.936994556386910607e-03 nan
7.489999999999733404e+01 4.901676843585799949e-03 nan
7.509999999999732267e+01 5.070537913876899463e-03 nan
7.529999999999733973e+01 5.110544061907431289e-03 nan
7.549999999999732836e+01 5.201364819906131691e-03 nan
7.569999999999731699e+01 5.209537987618519279e-03 nan
7.589999999999730562e+01 5.341441771860241244e-03 nan
7.609999999999732267e+01 5.362629744741022157e-03 nan
7.629999999999731131e+01 5.335664959012841740e-03 nan
7.649999999999729994e+01 5.359336664059750899e-03 nan
7.669999999999728857e+01 5.391532047081171522e-03 nan
7.689999999999730562e+01 5.420801155593840161e-03 nan
7.709999999999729425e+01 5.321104446638000134e-03 nan
7.729999999999728288e+01 5.287994458868900197e-03 nan
7.749999999999727152e+01 5.302458989679599034e-03 nan
7.769999999999728857e+01 5.395524662083101518e-03 nan
7.789999999999727720e+01 5.400252067529099850e-03 nan
7.809999999999726583e+01 5.481086185039102561e-03 nan
7.829999999999725446e+01 5.461652565222199773e-03 nan
7.849999999999725731e+01 5.385529379649440368e-03 nan
7.869999999999726015e+01 5.433777856260808663e-03 nan
7.889999999999724878e+01 5.536606457414600460e-03 nan
7.909999999999725162e+01 5.421258996397301452e-03 nan
7.929999999999725446e+01 5.360999191770399880e-03 nan
7.949999999999724309e+01 5.309655119734132261e-03 nan
7.969999999999723173e+01 5.281426167388390130e-03 nan
7.989999999999722036e+01 5.330469938785419200e-03 nan
8.009999999999722320e+01 5.325722520827001066e-03 nan
8.029999999999722604e+01 5.389502390936098605e-03 nan
8.049999999999721467e+01 5.364188407080331886e-03 nan
8.069999999999721751e+01 5.252556299361798610e-03 nan
8.089999999999722036e+01 5.087238622870470482e-03 nan
8.109999999999720899e+01 4.919290533316670981e-03 nan
8.129999999999719762e+01 4.811776887909200405e-03 nan
8.149999999999718625e+01 4.761624759128019017e-03 nan
8.169999999999718909e+01 4.925582090929811821e-03 nan
8.189999999999719194e+01 5.007708536563190184e-03 nan
8.209999999999718057e+01 4.911753468388770950e-03 nan
8.229999999999718341e+01 4.868952237812679447e-03 nan
8.249999999999718625e+01 4.955263205833259840e-03 nan
8.269999999999717488e+01 4.971988868873540926e-03 nan
8.289999999999716351e+01 4.811843385889259458e-03 nan
8.309999999999715214e+01 4.572480901995249619e-03 nan
8.329999999999715499e+01 4.418032210820259376e-03 nan
8.349999999999715783e+01 4.482546878335641645e-03 nan
8.369999999999714646e+01 4.524540312895639592e-03 nan
8.389999999999714930e+01 4.556809317794800231e-03 nan
8.409999999999715214e+01 4.530653662640720010e-03 nan
8.429999999999714078e+01 4.454339161421050873e-03 nan
8.449999999999712941e+01 4.471643657178491285e-03 nan
8.469999999999711804e+01 4.498548623192669994e-03 nan
8.489999999999712088e+01 4.537959296427329127e-03 nan
8.509999999999712372e+01 4.613622137323390889e-03 nan
8.529999999999711235e+01 4.584440746182450420e-03 nan
8.549999999999711520e+01 4.677864754219670552e-03 nan
8.569999999999711804e+01 4.816126694070990352e-03 nan
8.589999999999710667e+01 4.661866173206849658e-03 nan
8.609999999999709530e+01 4.502267514356809650e-03 nan
8.629999999999708393e+01 4.537954464143880741e-03 nan
8.649999999999708677e+01 4.794808045731688631e-03 nan
8.669999999999708962e+01 5.177475472224688131e-03 nan
8.689999999999707825e+01 5.328457933578940701e-03 nan
8.709999999999708109e+01 5.246659412490841702e-03 nan
8.729999999999708393e+01 5.084253983025358546e-03 nan
8.749999999999707256e+01 5.005541277625711986e-03 nan
8.769999999999706120e+01 5.125177002706911809e-03 nan
8.789999999999704983e+01 5.421708511677849306e-03 nan
8.809999999999705267e+01 5.906964239426931197e-03 nan
8.829999999999705551e+01 6.167385975598559458e-03 nan
8.849999999999704414e+01 6.263661125351560090e-03 nan
8.869999999999704698e+01 6.428142837960581536e-03 nan
8.889999999999704983e+01 6.740081053721690488e-03 nan
8.909999999999703846e+01 6.927855219139409867e-03 nan
8.929999999999702709e+01 7.039838081433600833e-03 nan
8.949999999999701572e+01 7.382128293489393332e-03 nan
8.969999999999701856e+01 7.860572256520908380e-03 nan
8.989999999999702140e+01 8.180534329503170998e-03 nan
9.009999999999701004e+01 8.555973103494943222e-03 nan
9.029999999999701288e+01 8.943495265166140004e-03 nan
9.049999999999701572e+01 9.184925676482189744e-03 nan
9.069999999999700435e+01 9.239672784080851450e-03 nan
9.089999999999699298e+01 9.092151670361727639e-03 nan
9.109999999999698161e+01 9.153346505536719829e-03 nan
9.129999999999698446e+01 9.261550111241080921e-03 nan
9.149999999999698730e+01 9.266037975317680322e-03 nan
9.169999999999697593e+01 9.218369621641650177e-03 nan
9.189999999999697877e+01 9.075645810633047039e-03 nan
9.209999999999698161e+01 8.769491300548338739e-03 nan
9.229999999999697025e+01 8.322142185791059008e-03 nan
9.249999999999695888e+01 7.837042489075948803e-03 nan
9.269999999999694751e+01 7.599899567100399864e-03 nan
9.289999999999695035e+01 7.598757664609679177e-03 nan
9.309999999999695319e+01 7.433761141107601833e-03 nan
9.329999999999694182e+01 7.273455265308689799e-03 nan
9.349999999999694467e+01 7.164467527809698609e-03 nan
9.369999999999694751e+01 7.352193142995870276e-03 nan
9.389999999999693614e+01 7.481590695191909883e-03 nan
9.409999999999692477e+01 7.410331368528367581e-03 nan
9.429999999999691340e+01 7.433227815297398754e-03 nan
9.449999999999691624e+01 7.689868915101798902e-03 nan
9.469999999999691909e+01 7.977628928605951311e-03 nan
9.489999999999690772e+01 8.090945647531497600e-03 nan
9.509999999999691056e+01 8.429619980613143812e-03 nan
9.529999999999691340e+01 8.947631275480047788e-03 nan
9.549999999999690203e+01 9.909764140023319054e-03 nan
9.569999999999689066e+01 1.105396570720361925e-02 nan
9.589999999999687930e+01 1.211112397283315052e-02 nan
9.609999999999688214e+01 1.335247953784237003e-02 nan
9.629999999999688498e+01 1.468576875039211659e-02 nan
9.649999999999687361e+01 1.612174668189110538e-02 nan
9.669999999999687645e+01 1.750821260477018748e-02 nan
9.689999999999687930e+01 1.923541772154599774e-02 nan
9.709999999999686793e+01 2.147875082536637378e-02 nan
9.729999999999685656e+01 2.418288975159969129e-02 nan
9.749999999999684519e+01 2.664559138942429461e-02 nan
9.769999999999684803e+01 2.835059613495251318e-02 nan
9.789999999999685087e+01 3.004578540647696167e-02 nan
9.809999999999683951e+01 3.187381356760442264e-02 nan
9.829999999999684235e+01 3.392270582657266192e-02 nan
9.849999999999684519e+01 3.559868040702017511e-02 nan
9.869999999999683382e+01 3.630331954397407468e-02 nan
9.889999999999682245e+01 3.646550612132136437e-02 nan
9.909999999999681108e+01 3.658111614911564030e-02 nan
9.929999999999681393e+01 3.622583823396800101e-02 nan
9.949999999999681677e+01 3.494881816684409365e-02 nan
9.969999999999680540e+01 3.313527317247560305e-02 nan
9.989999999999680824e+01 3.137119476331699797e-02 nan
1.000999999999968111e+02 2.951250549870194223e-02 nan
1.002999999999967997e+02 2.757090305142216938e-02 nan
1.004999999999967883e+02 2.561672913388654549e-02 nan
1.006999999999967770e+02 2.315867590451603508e-02 nan
1.008999999999967798e+02 2.087132161983646511e-02 nan
1.010999999999967827e+02 1.897209191382879037e-02 nan
1.012999999999967713e+02 1.718063107281015897e-02 nan
1.014999999999967741e+02 1.550183436373469767e-02 nan
1.016999999999967770e+02 1.417864450356073024e-02 nan
1.018999999999967656e+02 1.358905984032383885e-02 nan
1.020999999999967542e+02 1.330279843896962737e-02 nan
1.022999999999967429e+02 1.299582701893255490e-02 nan
1.024999999999967457e+02 1.255478798610734636e-02 nan
1.026999999999967486e+02 1.223834346317147388e-02 nan
1.028999999999967372e+02 1.259258223208646436e-02 nan
1.030999999999967400e+02 1.281750607837058714e-02 nan
1.032999999999967429e+02 1.255728498975853917e-02 nan
1.034999999999967315e+02 1.239102619557305197e-02 nan
1.036999999999967201e+02 1.282151503079381576e-02 nan
1.038999999999967088e+02 1.318465885222227726e-02 nan
1.040999999999967116e+02 1.295545492179101844e-02 nan
1.042999999999967145e+02 1.264294710850344221e-02 nan
1.044999999999967031e+02 1.286591312041056312e-02 nan
1.046999999999967059e+02 1.341243505450936090e-02 nan
1.048999999999967088e+02 1.362400806009542512e-02 nan
1.050999999999966974e+02 1.410720769264496230e-02 nan
1.052999999999966860e+02 1.495037185370916982e-02 nan
1.054999999999966747e+02 1.571435275608504961e-02 nan
1.056999999999966775e+02 1.643162023835497559e-02 nan
1.058999999999966803e+02 1.687481706542323656e-02 nan
1.060999999999966690e+02 1.706050333656976628e-02 nan
1.062999999999966718e+02 1.809833907926963401e-02 nan
1.064999999999966747e+02 1.982732681613053743e-02 nan
1.066999999999966633e+02 2.149990535949609927e-02 nan
1.068999999999966519e+02 2.329948680440288925e-02 nan
1.070999999999966406e+02 2.519487543400054930e-02 nan
1.072999999999966434e+02 2.713564979997115656e-02 nan
1.074999999999966462e+02 2.923701476824912965e-02 nan
1.076999999999966349e+02 3.144074342393066157e-02 nan
1.078999999999966377e+02 3.375590556261429120e-02 nan
1.080999999999966406e+02 3.530671297392788677e-02 nan
1.082999999999966292e+02 3.666788120992559713e-02 nan
1.084999999999966178e+02 3.853290011986178903e-02 nan
1.086999999999966064e+02 4.025901720170903253e-02 nan
1.088999999999966093e+02 4.106857317426038101e-02 nan
1.090999999999966121e+02 3.973714936101630651e-02 nan
1.092999999999966008e+02 3.830835653635931287e-02 nan
1.094999999999966036e+02 3.747853761069399464e-02 nan
1.096999999999966064e+02 3.567004452252792168e-02 nan
1.098999999999965951e+02 3.332364459949534174e-02 nan
1.100999999999965837e+02 3.116514015328907677e-02 nan
1.102999999999965723e+02 2.936570782254007209e-02 nan
1.104999999999965752e+02 2.776389277421291435e-02 nan
1.106999999999965780e+02 2.564353320899173672e-02 nan
1.108999999999965667e+02 2.357918786583049556e-02 nan
1.110999999999965695e+02 2.214622682694897260e-02 nan
1.112999999999965723e+02 2.134107285690415787e-02 nan
1.114999999999965610e+02 1.989635950047077134e-02 nan
1.116999999999965496e+02 1.824389959433995317e-02 nan
1.118999999999965382e+02 1.739830370869074189e-02 nan
1.120999999999965411e+02 1.686455739208034613e-02 nan
1.122999999999965439e+02 1.609925525670121912e-02 nan
1.124999999999965326e+02 1.581681603035042100e-02 nan
1.126999999999965354e+02 1.596797246324252809e-02 nan
1.128999999999965382e+02 1.609535381353433339e-02 nan
1.130999999999965269e+02 1.655021781307455114e-02 nan
1.132999999999965155e+02 1.706030353572920988e-02 nan
1.134999999999965041e+02 1.775897145895093815e-02 nan
1.136999999999965070e+02 1.856673769225984649e-02 nan
1.138999999999965098e+02 1.941844511823676359e-02 nan
1.140999999999964984e+02 2.013083192129946214e-02 nan
1.142999999999965013e+02 2.058258861839326950e-02 nan
1.144999999999965041e+02 2.157601260011242014e-02 nan
1.146999999999964928e+02 2.229034411692857112e-02 nan
1.148999999999964814e+02 2.216201999128573213e-02 nan
1.150999999999964700e+02 2.214283133976231374e-02 nan
1.152999999999964729e+02 2.225093333503196449e-02 nan
1.154999999999964757e+02 2.264755792607232865e-02 nan
1.156999999999964643e+02 2.245560404703887680e-02 nan
1.158999999999964672e+02 2.194502588065945503e-02 nan
1.160999999999964700e+02 2.162895473993983048e-02 nan
1.162999999999964587e+02 2.127340957646217667e-02 nan
1.164999999999964473e+02 2.073861012358846345e-02 nan
1.166999999999964359e+02 1.998966920725237656e-02 nan
1.168999999999964388e+02 1.934749393177635085e-02 nan
1.170999999999964416e+02 1.887655854964689212e-02 nan
1.172999999999964302e+02 1.826805289806310642e-02 nan
1.174999999999964331e+02 1.787692851080903075e-02 nan
1.176999999999964359e+02 1.739723646122028761e-02 nan
1.178999999999964245e+02 1.774983643713279671e-02 nan
1.180999999999964132e+02 1.814213785557007574e-02 nan
1.182999999999964018e+02 1.808621790006652644e-02 nan
1.184999999999964047e+02 1.821472017565291257e-02 nan
1.186999999999964075e+02 1.816409191406835252e-02 nan
1.188999999999963961e+02 1.693266547766944172e-02 nan
1.190999999999963990e+02 1.622991657000868310e-02 nan
1.192999999999964018e+02 1.618428064895733806e-02 nan
1.194999999999963904e+02 1.617123409648658916e-02 nan
1.196999999999963791e+02 1.547965194806543050e-02 nan
1.198999999999963677e+02 1.448084112067924735e-02 nan
1.200999999999963705e+02 1.390598202508536337e-02 nan
1.202999999999963734e+02 1.395673037506693810e-02 nan
1.204999999999963620e+02 1.386642330670900466e-02 nan
1.206999999999963649e+02 1.328489981129723704e-02 nan
1.208999999999963677e+02 1.226482103658321256e-02 nan
1.210999999999963563e+02 1.158370563441741760e-02 nan
1.212999999999963450e+02 1.140471527848503988e-02 nan
1.214999999999963336e+02 1.126907081769637844e-02 nan
1.216999999999963364e+02 1.112302502302364889e-02 nan
1.218999999999963393e+02 1.109004827049989844e-02 nan
1.220999999999963279e+02 1.091356178232325870e-02 nan
1.222999999999963308e+02 1.063071880652500210e-02 nan
1.224999999999963336e+02 1.052739982513749804e-02 nan
1.226999999999963222e+02 1.105467413080075088e-02 nan
1.228999999999963109e+02 1.120875834569944052e-02 nan
1.230999999999962995e+02 1.100445281997004116e-02 nan
1.232999999999963023e+02 1.123025868987972964e-02 nan
1.234999999999963052e+02 1.109532054142497136e-02 nan
1.236999999999962938e+02 1.114360129841225969e-02 nan
1.238999999999962967e+02 1.139488154284028915e-02 nan
1.240999999999962995e+02 1.147803068729078869e-02 nan
1.242999999999962881e+02 1.081416502723492323e-02 nan
1.244999999999962768e+02 1.034193573338684086e-02 nan
1.246999999999962654e+02 1.051144848860443431e-02 nan
1.248999999999962682e+02 1.074857265241287163e-02 nan
1.250999999999962711e+02 1.077718464855339890e-02 nan
1.252999999999962597e+02 1.059323207795130097e-02 nan
1.254999999999962625e+02 1.047624906229093281e-02 nan
1.256999999999962654e+02 1.072824621615165071e-02 nan
1.258999999999962540e+02 1.070732215932349018e-02 nan
1.260999999999962427e+02 1.145452386194453255e-02 nan
1.262999999999962313e+02 1.227900809636364027e-02 nan
1.264999999999962341e+02 1.231759430954793878e-02 nan
1.266999999999962370e+02 1.204087982840025550e-02 nan
1.268999999999962256e+02 1.188483253260354602e-02 nan
1.270999999999962284e+02 1.195039271839997731e-02 nan
1.272999999999962313e+02 1.213245910621614000e-02 nan
1.274999999999962199e+02 1.302400396211937303e-02 nan
1.276999999999962085e+02 1.385712548627773995e-02 nan
1.278999999999961972e+02 1.416518064125320969e-02 nan
1.280999999999962142e+02 1.465994545809516658e-02 nan
1.282999999999962029e+02 1.550521534419518205e-02 nan
1.284999999999961915e+02 1.620521010475451176e-02 nan
1.286999999999961801e+02 1.763521510686020394e-02 nan
1.288999999999961972e+02 1.913540770483565176e-02 nan
1.290999999999961858e+02 2.008012959580222218e-02 nan
1.292999999999961744e+02 2.150281344494162777e-02 nan
1.294999999999961631e+02 2.336457864267262041e-02 nan
1.296999999999961801e+02 2.589392705324242844e-02 nan
1.298999999999961688e+02 2.916580938981851515e-02 nan
1.300999999999961574e+02 3.170784738532230612e-02 nan
1.302999999999961460e+02 3.514931396553436227e-02 nan
1.304999999999961631e+02 3.885953292419869198e-02 nan
1.306999999999961517e+02 4.145315445291062467e-02 nan
1.308999999999961403e+02 4.445124631355915762e-02 nan
1.310999999999961290e+02 4.777189631456954522e-02 nan
1.312999999999961460e+02 4.913227231174487064e-02 nan
1.314999999999961346e+02 4.891129963403625242e-02 nan
1.316999999999961233e+02 4.661179938780821846e-02 nan
1.318999999999961119e+02 4.394448400772366786e-02 nan
1.320999999999961290e+02 4.238582530068543686e-02 nan
1.322999999999961176e+02 4.022537279837284929e-02 nan
1.324999999999961062e+02 3.687098881925667676e-02 nan
1.326999999999960949e+02 3.269509868668434710e-02 nan
1.328999999999961119e+02 2.985065271688830055e-02 nan
1.330999999999961005e+02 2.807290536006282200e-02 nan
1.332999999999960892e+02 2.478458696635000777e-02 nan
1.334999999999960778e+02 2.153555713420008191e-02 nan
1.336999999999960949e+02 2.032606363951956069e-02 nan
1.338999999999960835e+02 1.916901008935890244e-02 nan
1.340999999999960721e+02 1.802838794759406560e-02 nan
1.342999999999960608e+02 1.763248594453156043e-02 nan
1.344999999999960778e+02 1.814257461101286342e-02 nan
1.346999999999960664e+02 1.842144095104554166e-02 nan
1.348999999999960551e+02 1.756237916328646717e-02 nan
1.350999999999960437e+02 1.691300212581628090e-02 nan
1.352999999999960608e+02 1.622196340080779564e-02 nan
1.354999999999960494e+02 1.603347841458188650e-02 nan
1.356999999999960380e+02 1.702337165635607608e-02 nan
1.358999999999960266e+02 1.657819974945143326e-02 nan
1.360999999999960437e+02 1.583800921779599663e-02 nan
1.362999999999960323e+02 1.483135192714487779e-02 nan
1.364999999999960210e+02 1.385568670559533117e-02 nan
1.366999999999960096e+02 1.426838693513338141e-02 nan
1.368999999999960266e+02 1.495715245323220657e-02 nan
1.370999999999960153e+02 1.515183034054501908e-02 nan
1.372999999999960039e+02 1.485516107701329892e-02 nan
1.374999999999959925e+02 1.484942475483727251e-02 nan
1.376999999999960096e+02 1.528191695460701972e-02 nan
1.378999999999959982e+02 1.586061536275903613e-02 nan
1.380999999999959869e+02 1.552223068441757441e-02 nan
1.382999999999959755e+02 1.421280968763842002e-02 nan
1.384999999999959925e+02 1.328800958533039867e-02 nan
1.386999999999959812e+02 1.342339810581059077e-02 nan
1.388999999999959698e+02 1.337704542550620899e-02 nan
1.390999999999959584e+02 1.279274491801310823e-02 nan
1.392999999999959755e+02 1.219639087063183885e-02 nan
1.394999999999959641e+02 1.256760635783430065e-02 nan
1.396999999999959527e+02 1.287006219198445593e-02 nan
1.398999999999959414e+02 1.266207358274920244e-02 nan
1.400999999999959584e+02 1.239873098365274623e-02 nan
1.402999999999959471e+02 1.262274376386811683e-02 nan
1.404999999999959357e+02 1.269014371781177625e-02 nan
1.406999999999959243e+02 1.216414518580975768e-02 nan
1.408999999999959414e+02 1.182466549995130067e-02 nan
1.410999999999959300e+02 1.237156317063779418e-02 nan
1.412999999999959186e+02 1.197737781912570389e-02 nan
1.414999999999959073e+02 1.232172645573649701e-02 nan
1.416999999999959243e+02 1.296875280802809761e-02 nan
1.418999999999959130e+02 1.256919003499490026e-02 nan
1.420999999999959016e+02 1.224548580408160205e-02 nan
1.422999999999958902e+02 1.201791335483959854e-02 nan
1.424999999999959073e+02 1.205768991198609592e-02 nan
1.426999999999958959e+02 1.228185588378399688e-02 nan
1.428999999999958845e+02 1.252446435890550158e-02 nan
1.430999999999958732e+02 1.311606878072449876e-02 nan
1.432999999999958902e+02 1.308013109509610118e-02 nan
1.434999999999958789e+02 1.347844009154920003e-02 nan
1.436999999999958675e+02 1.334608175166040502e-02 nan
1.438999999999958561e+02 1.241440540663090071e-02 nan
1.440999999999958732e+02 1.333008346646100128e-02 nan
1.442999999999958618e+02 1.432584741947700094e-02 nan
1.444999999999958504e+02 1.353091579132229862e-02 nan
1.446999999999958391e+02 1.383425092453399903e-02 nan
1.448999999999958561e+02 1.401602767544770159e-02 nan
1.450999999999958447e+02 1.424598731187350087e-02 nan
1.452999999999958334e+02 1.428266813510509908e-02 nan
1.454999999999958220e+02 1.470347692331099888e-02 nan
1.456999999999958391e+02 1.412951049114729782e-02 nan
1.458999999999958277e+02 1.434671445256169645e-02 nan
1.460999999999958163e+02 1.513810559961559915e-02 nan
1.462999999999958050e+02 1.587987664994299983e-02 nan
1.464999999999958220e+02 1.719481022903129874e-02 nan
1.466999999999958106e+02 1.761719912603619889e-02 nan
1.468999999999957993e+02 1.715289502818359915e-02 nan
1.470999999999957879e+02 1.960385166881110572e-02 nan
1.472999999999958050e+02 2.233246673051300299e-02 nan
1.474999999999957936e+02 2.465936946014609873e-02 nan
1.476999999999957822e+02 2.842535569377889829e-02 nan
1.478999999999957708e+02 3.310922613341760190e-02 nan
1.480999999999957879e+02 3.876236002419891635e-02 nan
1.482999999999957765e+02 4.639855981066418750e-02 nan
1.484999999999957652e+02 5.373146177057439715e-02 nan
1.486999999999957538e+02 6.049608617731850463e-02 nan
1.488999999999957708e+02 6.848897696400071955e-02 nan
1.490999999999957595e+02 7.595777389901119114e-02 nan
1.492999999999957481e+02 8.057581831788189486e-02 nan
1.494999999999957367e+02 8.323577843651530639e-02 nan
1.496999999999957538e+02 8.241273750001094911e-02 nan
1.498999999999957424e+02 8.009489814045951672e-02 nan
1.500999999999957311e+02 7.455183256185068941e-02 nan
1.502999999999957197e+02 6.767670112381156400e-02 nan
1.504999999999957367e+02 6.050592907159389050e-02 nan
1.506999999999957254e+02 5.263211017077871340e-02 nan
1.508999999999957140e+02 4.289296179064770731e-02 nan
1.510999999999957026e+02 3.389367777245099606e-02 nan
1.512999999999957197e+02 2.876563475970819739e-02 nan
1.514999999999957083e+02 2.480218881085470908e-02 nan
1.516999999999956970e+02 2.055707452468009955e-02 nan
1.518999999999956856e+02 1.996279967923389811e-02 nan
1.520999999999957026e+02 2.002400092603200121e-02 nan
1.522999999999956913e+02 1.880726913121760768e-02 nan
1.524999999999956799e+02 1.819376021899859336e-02 nan
1.526999999999956685e+02 1.823808961899160350e-02 nan
1.528999999999956856e+02 1.775367431917159941e-02 nan
1.530999999999956742e+02 1.893392845908060257e-02 nan
1.532999999999956628e+02 1.990686911487190083e-02 nan
1.534999999999956515e+02 2.087349310995959689e-02 nan
1.536999999999956685e+02 2.156596490217869977e-02 nan
1.538999999999956572e+02 2.153931228210539603e-02 nan
1.540999999999956458e+02 2.187951821859469501e-02 nan
1.542999999999956344e+02 2.147197917208079967e-02 nan
1.544999999999956515e+02 2.231021127177908875e-02 nan
1.546999999999956401e+02 2.225446425217320404e-02 nan
1.548999999999956287e+02 2.046750338381339920e-02 nan
1.550999999999956174e+02 1.935757482179560271e-02 nan
1.552999999999956344e+02 1.955400556144460192e-02 nan
1.554999999999956231e+02 2.072750533694249497e-02 nan
1.556999999999956117e+02 2.084513990980539980e-02 nan
1.558999999999956003e+02 2.003333759643310258e-02 nan
1.560999999999956174e+02 2.011752524709190318e-02 nan
1.562999999999956060e+02 2.108876326425769901e-02 nan
1.564999999999955946e+02 2.153387904168999750e-02 nan
1.566999999999955833e+02 2.096569942713220544e-02 nan
1.568999999999956003e+02 1.966570625585840199e-02 nan
1.570999999999955890e+02 1.813995137983108810e-02 nan
1.572999999999955776e+02 1.779593073647890017e-02 nan
1.574999999999955662e+02 1.827096501195940581e-02 nan
1.576999999999955833e+02 1.865950540734359619e-02 nan
1.578999999999955719e+02 1.980453542043089654e-02 nan
1.580999999999955605e+02 2.049678569722039254e-02 nan
1.582999999999955492e+02 2.169243812779169528e-02 nan
1.584999999999955662e+02 2.376000395754300498e-02 nan
1.586999999999955548e+02 2.478589932569020757e-02 nan
1.588999999999955435e+02 2.512134246953470068e-02 nan
1.590999999999955321e+02 2.812007481622769492e-02 nan
1.592999999999955492e+02 3.229563944524190683e-02 nan
1.594999999999955378e+02 3.702823508963219712e-02 nan
1.596999999999955264e+02 3.951493345399509360e-02 nan
1.598999999999955151e+02 4.361332780160491474e-02 nan
1.600999999999955321e+02 4.774123129173470786e-02 nan
1.602999999999955207e+02 5.169865993099739127e-02 nan
1.604999999999955094e+02 5.364501668938481682e-02 nan
1.606999999999954980e+02 5.369628710459289911e-02 nan
1.608999999999955151e+02 5.277525923157918436e-02 nan
1.610999999999955037e+02 4.899142036801871353e-02 nan
1.612999999999954923e+02 4.291699176446329977e-02 nan
1.614999999999954809e+02 3.972075570572750070e-02 nan
1.616999999999954980e+02 3.767752415456930570e-02 nan
1.618999999999954866e+02 3.200684095863529088e-02 nan
1.620999999999954753e+02 2.646165826438909296e-02 nan
1.622999999999954639e+02 2.395355721674909469e-02 nan
1.624999999999954809e+02 2.327612683983689562e-02 nan
1.626999999999954696e+02 2.236747375083150691e-02 nan
1.628999999999954582e+02 2.197662586165939971e-02 nan
1.630999999999954468e+02 2.084555678900135503e-02 nan
1.632999999999954639e+02 2.253358016921189200e-02 nan
1.634999999999954525e+02 2.341473306993750378e-02 nan
1.636999999999954412e+02 2.359456323700870328e-02 nan
1.638999999999954298e+02 2.301738055826539620e-02 nan
1.640999999999954468e+02 2.336653643944773193e-02 nan
1.642999999999954355e+02 2.454105140588379308e-02 nan
1.644999999999954241e+02 2.547179025928429652e-02 nan
1.646999999999954127e+02 2.764886909531129311e-02 nan
1.648999999999954298e+02 2.806521571910559551e-02 nan
1.650999999999954184e+02 2.709489415611660013e-02 nan
1.652999999999954071e+02 2.860029304822380575e-02 nan
1.654999999999953957e+02 2.972715201815999755e-02 nan
1.656999999999954127e+02 3.101547969053791015e-02 nan
1.658999999999954014e+02 3.020572412407860133e-02 nan
1.660999999999953900e+02 2.913191045143390459e-02 nan
1.662999999999953786e+02 2.952170489727390379e-02 nan
1.664999999999953957e+02 2.834745822722290268e-02 nan
1.666999999999953843e+02 2.680249367734040267e-02 nan
1.668999999999953729e+02 2.397755233226460045e-02 nan
1.670999999999953616e+02 2.228896592913600164e-02 nan
1.672999999999953786e+02 2.169683908537549041e-02 nan
1.674999999999953673e+02 2.168299272193420155e-02 nan
1.676999999999953559e+02 2.119028175464619454e-02 nan
1.678999999999953445e+02 2.090846664271569719e-02 nan
1.680999999999953616e+02 2.093460866952909227e-02 nan
1.682999999999953502e+02 1.892113244281319606e-02 nan
1.684999999999953388e+02 1.831610289944570619e-02 nan
1.686999999999953275e+02 1.867898400958020039e-02 nan
1.688999999999953445e+02 1.856624652396739877e-02 nan
1.690999999999953332e+02 1.899942890968840323e-02 nan
1.692999999999953218e+02 2.005298456287979772e-02 nan
1.694999999999953104e+02 2.144602726616569657e-02 nan
1.696999999999953275e+02 2.154910894148520314e-02 nan
1.698999999999953161e+02 2.121758415717140550e-02 nan
1.700999999999953047e+02 2.217018500033661119e-02 nan
1.702999999999952934e+02 2.314904824211379622e-02 nan
1.704999999999953104e+02 2.212426752176929398e-02 nan
1.706999999999952990e+02 2.135453734928619701e-02 nan
1.708999999999952877e+02 2.151514389583780024e-02 nan
1.710999999999952763e+02 2.399531530154439679e-02 nan
1.712999999999952934e+02 2.500562660616059002e-02 nan
1.714999999999952820e+02 2.794375461451279255e-02 nan
1.716999999999952706e+02 3.145351779907560458e-02 nan
1.718999999999952593e+02 3.319628475781689902e-02 nan
1.720999999999952763e+02 3.333306466442399751e-02 nan
1.722999999999952649e+02 3.491586724260119928e-02 nan
1.724999999999952536e+02 3.378078332732380173e-02 nan
1.726999999999952422e+02 3.422258636068408605e-02 nan
1.728999999999952593e+02 3.194936755254741689e-02 nan
1.730999999999952479e+02 3.005361678652939544e-02 nan
1.732999999999952365e+02 2.930401518653979326e-02 nan
1.734999999999952252e+02 2.876775227275200214e-02 nan
1.736999999999952422e+02 2.577312248782609796e-02 nan
1.738999999999952308e+02 2.331754628867119608e-02 nan
1.740999999999952195e+02 2.375002015739850411e-02 nan
1.742999999999952081e+02 2.490589224233179938e-02 nan
1.744999999999952252e+02 2.664916499849180609e-02 nan
1.746999999999952138e+02 2.999858789010240168e-02 nan
1.748999999999952024e+02 3.167015157202789782e-02 nan
1.750999999999951910e+02 3.146793845393799915e-02 nan
1.752999999999952081e+02 3.325368436321389509e-02 nan
1.754999999999951967e+02 3.344532283811759571e-02 nan
1.756999999999951854e+02 3.645972943783708925e-02 nan
1.758999999999951740e+02 3.846022019447839502e-02 nan
1.760999999999951910e+02 3.963737922696139448e-02 nan
1.762999999999951797e+02 3.873346275898230384e-02 nan
1.764999999999951683e+02 3.668172843332734995e-02 nan
1.766999999999951569e+02 3.474722544701589616e-02 nan
1.768999999999951740e+02 3.271048262972841431e-02 nan
1.770999999999951626e+02 3.162255815911199641e-02 nan
1.772999999999951513e+02 3.111213277090069812e-02 nan
1.774999999999951399e+02 2.849091228587120536e-02 nan
1.776999999999951569e+02 2.647589434801169914e-02 nan
1.778999999999951456e+02 2.647960636589609396e-02 nan
1.780999999999951342e+02 2.755628864462829689e-02 nan
1.782999999999951228e+02 2.882871559605360706e-02 nan
1.784999999999951399e+02 2.870799523790170185e-02 nan
1.786999999999951285e+02 2.934736988403280691e-02 nan
1.788999999999951172e+02 2.992508356391810134e-02 nan
1.790999999999951058e+02 2.875066480509180442e-02 nan
1.792999999999951228e+02 2.795151776020549789e-02 nan
1.794999999999951115e+02 2.833779050151151099e-02 nan
1.796999999999951001e+02 3.160608026723190495e-02 nan
1.798999999999950887e+02 3.055482941506150463e-02 nan
1.800999999999951058e+02 2.989518394682680671e-02 nan
1.802999999999950944e+02 2.795279461717629921e-02 nan
1.804999999999950830e+02 2.581075844176289671e-02 nan
1.806999999999950717e+02 2.561448213928879669e-02 nan
1.808999999999950887e+02 2.631707573268949815e-02 nan
1.810999999999950774e+02 2.384230221062339991e-02 nan
1.812999999999950660e+02 2.198049175073809453e-02 nan
1.814999999999950546e+02 2.057991101260299091e-02 nan
1.816999999999950717e+02 2.456237009894099779e-02 nan
1.818999999999950603e+02 2.524564142135599792e-02 nan
1.820999999999950489e+02 2.471038900130400132e-02 nan
1.822999999999950376e+02 2.783959051710600124e-02 nan
1.824999999999950546e+02 2.726288650476119818e-02 nan
1.826999999999950433e+02 2.588121467971139789e-02 nan
1.828999999999950319e+02 2.636179779585999874e-02 nan
1.830999999999950205e+02 2.426913155140799846e-02 nan
1.832999999999950376e+02 2.503501555610379917e-02 nan
1.834999999999950262e+02 2.709439234347999978e-02 nan
1.836999999999950148e+02 2.581775504292400242e-02 nan
1.838999999999950035e+02 2.660887795273400580e-02 nan
1.840999999999950205e+02 2.731525013619576225e-02 nan
1.842999999999950091e+02 2.889078019505001219e-02 nan
1.844999999999949978e+02 3.052315494703600543e-02 nan
1.846999999999949864e+02 3.308285777326199634e-02 nan
1.848999999999950035e+02 3.381974563597700545e-02 nan
1.850999999999949921e+02 3.675467172586679293e-02 nan
1.852999999999949807e+02 4.044421674088601038e-02 nan
1.854999999999949694e+02 4.432977811657899669e-02 nan
1.856999999999949864e+02 5.350772902326201425e-02 nan
1.858999999999949750e+02 5.673240283232999087e-02 nan
1.860999999999949637e+02 5.575010034652501389e-02 nan
1.862999999999949523e+02 5.303094675114299744e-02 nan
1.864999999999949694e+02 4.821288312002799947e-02 nan
1.866999999999949580e+02 4.298475256171099129e-02 nan
1.868999999999949466e+02 3.538206628643800200e-02 nan
1.870999999999949353e+02 2.968075911413000853e-02 nan
1.872999999999949523e+02 3.390629816849000805e-02 nan
1.874999999999949409e+02 2.804896791208379148e-02 nan
1.876999999999949296e+02 2.584651931235909528e-02 nan
1.878999999999949182e+02 2.444475089412159741e-02 nan
1.880999999999949353e+02 2.483271528185299754e-02 nan
1.882999999999949239e+02 2.991392549652800367e-02 nan
1.884999999999949125e+02 2.928726057794859422e-02 nan
1.886999999999949011e+02 2.573792856102600016e-02 nan
1.888999999999949182e+02 2.963660367217000463e-02 nan
1.890999999999949068e+02 3.275710131153910382e-02 nan
1.892999999999948955e+02 3.126559124181899768e-02 nan
1.894999999999948841e+02 2.921793724628199765e-02 nan
1.896999999999949011e+02 3.182792595790498447e-02 nan
1.898999999999948898e+02 3.258165369033799025e-02 nan
1.900999999999948784e+02 2.851211763132300431e-02 nan
1.902999999999948670e+02 2.450394995417399385e-02 nan
1.904999999999948841e+02 2.402979914916859513e-02 nan
1.906999999999948727e+02 2.876471464359879951e-02 nan
1.908999999999948614e+02 2.956950767219079790e-02 nan
1.910999999999948500e+02 2.879665652702599263e-02 nan
1.912999999999948670e+02 2.928772810327490497e-02 nan
1.914999999999948557e+02 2.782096420250030136e-02 nan
1.916999999999948443e+02 2.190980682859208079e-02 nan
1.918999999999948329e+02 1.960247563514299837e-02 nan
1.920999999999948500e+02 1.870765683204240679e-02 nan
1.922999999999948386e+02 1.613856374199450217e-02 nan
1.924999999999948272e+02 2.375667134272000172e-02 nan
1.926999999999948159e+02 2.507581325240600470e-02 nan
1.928999999999948329e+02 2.384171239847190232e-02 nan
1.930999999999948216e+02 2.656301014885000325e-02 nan
1.932999999999948102e+02 3.123057200277000456e-02 nan
1.934999999999947988e+02 2.849144353252000203e-02 nan
1.936999999999948159e+02 2.567221258144800067e-02 nan
1.938999999999948045e+02 2.829624226151200225e-02 nan
1.940999999999947931e+02 3.701031290161500842e-02 nan
1.942999999999947818e+02 3.674201659807999759e-02 nan
1.944999999999947988e+02 3.687102987303199353e-02 nan
1.946999999999947875e+02 3.731549011402999355e-02 nan
1.948999999999947761e+02 3.762476720359889809e-02 nan
1.950999999999947647e+02 3.714705166638200551e-02 nan
1.952999999999947818e+02 3.770562198162248635e-02 nan
1.954999999999947704e+02 3.020922009721400611e-02 nan
1.956999999999947590e+02 3.536768024558419737e-02 nan
1.958999999999947477e+02 3.652074164565600328e-02 nan
1.960999999999947647e+02 4.052709825340700123e-02 nan
1.962999999999947534e+02 4.149085317495799369e-02 nan
1.964999999999947420e+02 3.915489168715999974e-02 nan
1.966999999999947306e+02 4.425202339790799272e-02 nan
1.968999999999947477e+02 4.809475363979099499e-02 nan
1.970999999999947363e+02 4.667284097058699982e-02 nan
1.972999999999947249e+02 5.843116306036699736e-02 nan
1.974999999999947136e+02 5.641312309783601264e-02 nan
1.976999999999947306e+02 5.667462314917300764e-02 nan
1.978999999999947192e+02 5.158781134943561664e-02 nan
1.980999999999947079e+02 4.997092526884287789e-02 nan
1.982999999999946965e+02 4.205324106406499451e-02 nan
1.984999999999947136e+02 2.914592484492769392e-02 nan
1.986999999999947022e+02 2.458244750084589633e-02 nan
1.988999999999946908e+02 4.378816966671401217e-02 nan
1.990999999999946795e+02 3.734075285637900726e-02 nan
1.992999999999946965e+02 3.081994488909240229e-02 nan
1.994999999999946851e+02 2.916602699492499423e-02 nan
1.996999999999946738e+02 2.983438611104099678e-02 nan
1.998999999999946624e+02 2.550181258866400166e-02 nan
2.000999999999946795e+02 1.358345394476600035e-02 nan
2.002999999999946681e+02 2.522428287871550032e-02 nan
2.004999999999946567e+02 2.713498625972099801e-02 nan
2.006999999999946453e+02 2.840913667746422164e-02 nan
2.008999999999946624e+02 2.500874441728160452e-02 nan
2.010999999999946510e+02 2.459200381568299801e-02 nan
2.012999999999946397e+02 1.952883255392459660e-02 nan
2.014999999999946283e+02 6.939658995494898779e-03 nan
2.016999999999946453e+02 2.999541466338399853e-02 nan
2.018999999999946340e+02 3.327273292650599623e-02 nan
2.020999999999946226e+02 3.109800596967099776e-02 nan
2.022999999999946112e+02 2.588781194019539739e-02 nan
2.024999999999946283e+02 1.806115798445900519e-02 nan
2.026999999999946169e+02 1.618342305686500116e-02 nan
2.028999999999946056e+02 9.422749017660001945e-04 nan
2.030999999999945942e+02 2.138345338593750089e-02 nan
2.032999999999946112e+02 2.302349331915099634e-02 nan
2.034999999999945999e+02 2.745761599854699975e-02 nan
2.036999999999945885e+02 2.791784521633399949e-02 nan
2.038999999999945771e+02 2.216147493372400135e-02 nan
2.040999999999945942e+02 1.390716266221329878e-02 nan
2.042999999999945828e+02 2.233141749871101096e-03 nan
2.044999999999945715e+02 3.376584521739599276e-02 nan
2.046999999999945601e+02 3.439119559628830286e-02 nan
2.048999999999945771e+02 3.367669088704169922e-02 nan
2.050999999999945658e+02 3.731019135187499391e-02 nan
