  285
   4.022   3.429   0.000   0.025   0.300
   4.022   3.857   0.000   0.025   0.300
   4.022   4.286   0.000   0.025   0.300
   4.022   4.714   0.000   0.025   0.300
   4.022   5.143   0.000   0.025   0.300
   4.022   5.571   0.000   0.025   0.300
   4.022   6.000   0.000   0.025   0.300
   4.022   6.429   0.000   0.025   0.300
   4.022   6.857   0.000   0.025   0.300
   4.022   7.286   0.000   0.025   0.300
   4.022   7.714   0.000   0.025   0.300
   4.022   8.143   0.000   0.025   0.300
   4.022   8.571   0.000   0.025   0.300
   4.022   9.000   0.000   0.025   0.300
   4.022   9.429   0.000   0.025   0.300
   4.022   9.857   0.000   0.025   0.300
   4.022  10.286   0.000   0.025   0.300
   4.022  10.714   0.000   0.025   0.300
   4.022  11.143   0.000   0.025   0.300
   4.022  11.571   0.000   0.025   0.300
   4.022  12.000   0.000   0.025   0.300
   4.022  12.429   0.000   0.025   0.300
   4.022  12.857   0.000   0.025   0.300
   4.022  13.286   0.000   0.025   0.300
   4.022  13.714   0.000   0.025   0.300
   4.022  14.143   0.000   0.025   0.300
   4.022  14.571   0.000   0.025   0.300
   4.022  15.000   0.000   0.025   0.300
   4.022  15.429   0.000   0.025   0.300
   4.022  15.857   0.000   0.025   0.300
   4.022  16.286   0.000   0.025   0.300
   4.022  16.714   0.000   0.025   0.300
   4.022  17.143   0.000   0.025   0.300
   4.022  17.571   0.000   0.025   0.300
   4.022  18.000   0.000   0.025   0.300
   4.022  18.429   0.000   0.025   0.300
   4.022  18.857   0.000   0.025   0.300
   4.022  19.286   0.000   0.025   0.300
   4.022  19.714   0.000   0.025   0.300
   4.022  20.143   0.000   0.025   0.300
   4.022  20.571   0.000   0.025   0.300
   4.022  21.000   0.000   0.025   0.300
   4.022  21.429   0.000   0.025   0.300
   4.022  21.857   0.000   0.025   0.300
   4.022  22.286   0.000   0.025   0.300
   4.022  22.714   0.000   0.025   0.300
   4.022  23.143   0.000   0.025   0.300
   4.022  23.571   0.000   0.025   0.300
   4.022  24.000   0.000   0.025   0.300
   4.022  24.429   0.000   0.025   0.300
   4.022  24.857   0.000   0.025   0.300
   4.022  25.286   0.000   0.025   0.300
   4.022  25.714   0.000   0.025   0.300
   4.022  26.143   0.000   0.025   0.300
   4.022  26.571   0.000   0.025   0.300
   4.022  27.000   0.000   0.025   0.300
   4.022  27.429   0.000   0.025   0.300
   4.022  27.857   0.000   0.025   0.300
   4.022  28.286   0.000   0.025   0.300
   4.022  28.714   0.000   0.025   0.300
   4.022  29.143   0.000   0.025   0.300
   4.022  30.857   0.000   0.025   0.300
   4.022  31.286   0.000   0.025   0.300
   4.022  31.714   0.000   0.025   0.300
   4.022  32.143   0.000   0.025   0.300
   4.022  32.571   0.000   0.025   0.300
   4.022  33.000   0.000   0.025   0.300
   4.022  33.429   0.000   0.025   0.300
   4.022  33.857   0.000   0.025   0.300
   4.022  34.286   0.000   0.025   0.300
   4.022  34.714   0.000   0.025   0.300
   4.022  35.143   0.000   0.025   0.300
   4.022  35.571   0.000   0.025   0.300
   4.022  36.000   0.000   0.025   0.300
   4.022  36.429   0.000   0.025   0.300
   4.022  36.857   0.000   0.025   0.300
   4.022  37.286   0.000   0.025   0.300
   4.022  37.714   0.000   0.025   0.300
   4.022  38.143   0.000   0.025   0.300
   4.022  38.571   0.000   0.025   0.300
   4.022  39.000   0.000   0.025   0.300
   4.022  39.429   0.000   0.025   0.300
   4.022  39.857   0.000   0.025   0.300
   4.022  40.286   0.000   0.025   0.300
   4.022  40.714   0.000   0.025   0.300
   4.022  41.143   0.000   0.025   0.300
   4.022  41.571   0.000   0.025   0.300
   4.022  42.000   0.000   0.025   0.300
   4.022  42.429   0.000   0.025   0.300
   4.022  42.857   0.000   0.025   0.300
   4.022  43.286   0.000   0.025   0.300
   4.022  43.714   0.000   0.025   0.300
   4.022  44.143   0.000   0.025   0.300
   4.022  45.857   0.000   0.025   0.300
   4.022  46.286   0.000   0.025   0.300
   4.022  46.714   0.000   0.025   0.300
   4.022  47.143   0.000   0.025   0.300
   4.022  47.571   0.000   0.025   0.300
   4.022  48.000   0.000   0.025   0.300
   4.022  48.429   0.000   0.025   0.300
   4.022  48.857   0.000   0.025   0.300
   4.022  49.286   0.000   0.025   0.300
   4.022  49.714   0.000   0.025   0.300
   4.022  50.143   0.000   0.025   0.300
   4.022  50.571   0.000   0.025   0.300
   4.022  51.000   0.000   0.025   0.300
   4.022  51.429   0.000   0.025   0.300
   4.022  51.857   0.000   0.025   0.300
   4.022  52.286   0.000   0.025   0.300
   4.022  52.714   0.000   0.025   0.300
   4.022  53.143   0.000   0.025   0.300
   4.022  53.571   0.000   0.025   0.300
   4.022  54.000   0.000   0.025   0.300
   4.022  54.429   0.000   0.025   0.300
   4.022  54.857   0.000   0.025   0.300
   4.022  55.286   0.000   0.025   0.300
   4.022  55.714   0.000   0.025   0.300
   4.022  56.143   0.000   0.025   0.300
   4.022  56.571   0.000   0.025   0.300
   4.022  57.000   0.000   0.025   0.300
   4.022  57.429   0.000   0.025   0.300
   4.022  57.857   0.000   0.025   0.300
   4.022  58.286   0.000   0.025   0.300
   4.022  58.714   0.000   0.025   0.300
   4.022  59.143   0.000   0.025   0.300
   4.022  60.857   0.000   0.025   0.300
   4.022  61.286   0.000   0.025   0.300
   4.022  61.714   0.000   0.025   0.300
   4.022  62.143   0.000   0.025   0.300
   4.022  62.571   0.000   0.025   0.300
   4.022  63.000   0.000   0.025   0.300
   4.022  63.429   0.000   0.025   0.300
   4.022  63.857   0.000   0.025   0.300
   4.022  64.286   0.000   0.025   0.300
   4.022  64.714   0.000   0.025   0.300
   4.022  65.143   0.000   0.025   0.300
   4.022  65.571   0.000   0.025   0.300
   4.022  66.000   0.000   0.025   0.300
   4.022  66.429   0.000   0.025   0.300
   4.022  66.857   0.000   0.025   0.300
   4.022  67.286   0.000   0.025   0.300
   4.022  67.714   0.000   0.025   0.300
   4.022  68.143   0.000   0.025   0.300
   4.022  68.571   0.000   0.025   0.300
   4.022  69.000   0.000   0.025   0.300
   4.022  69.429   0.000   0.025   0.300
   4.022  69.857   0.000   0.025   0.300
   4.022  70.286   0.000   0.025   0.300
   4.022  70.714   0.000   0.025   0.300
   4.022  71.143   0.000   0.025   0.300
   4.022  71.571   0.000   0.025   0.300
   4.022  72.000   0.000   0.025   0.300
   4.022  72.429   0.000   0.025   0.300
   4.022  72.857   0.000   0.025   0.300
   4.022  73.286   0.000   0.025   0.300
   4.022  73.714   0.000   0.025   0.300
   4.022  74.143   0.000   0.025   0.300
   4.022  75.857   0.000   0.025   0.300
   4.022  76.286   0.000   0.025   0.300
   4.022  76.714   0.000   0.025   0.300
   4.022  77.143   0.000   0.025   0.300
   4.022  77.571   0.000   0.025   0.300
   4.022  78.000   0.000   0.025   0.300
   4.022  78.429   0.000   0.025   0.300
   4.022  78.857   0.000   0.025   0.300
   4.022  79.286   0.000   0.025   0.300
   4.022  79.714   0.000   0.025   0.300
   4.022  80.143   0.000   0.025   0.300
   4.022  80.571   0.000   0.025   0.300
   4.022  81.000   0.000   0.025   0.300
   4.022  81.429   0.000   0.025   0.300
   4.022  81.857   0.000   0.025   0.300
   4.022  82.286   0.000   0.025   0.300
   4.022  82.714   0.000   0.025   0.300
   4.022  83.143   0.000   0.025   0.300
   4.022  83.571   0.000   0.025   0.300
   4.022  84.000   0.000   0.025   0.300
   4.022  84.429   0.000   0.025   0.300
   4.022  84.857   0.000   0.025   0.300
   4.022  85.286   0.000   0.025   0.300
   4.022  85.714   0.000   0.025   0.300
   4.022  86.143   0.000   0.025   0.300
   4.022  86.571   0.000   0.025   0.300
   4.022  87.000   0.000   0.025   0.300
   4.022  87.429   0.000   0.025   0.300
   4.022  87.857   0.000   0.025   0.300
   4.022  88.286   0.000   0.025   0.300
   4.022  88.714   0.000   0.025   0.300
   4.022  89.143   0.000   0.025   0.300
   4.022  90.857   0.000   0.025   0.300
   4.022  91.286   0.000   0.025   0.300
   4.022  91.714   0.000   0.025   0.300
   4.022  92.143   0.000   0.025   0.300
   4.022  92.571   0.000   0.025   0.300
   4.022  93.000   0.000   0.025   0.300
   4.022  93.429   0.000   0.025   0.300
   4.022  93.857   0.000   0.025   0.300
   4.022  94.286   0.000   0.025   0.300
   4.022  94.714   0.000   0.025   0.300
   4.022  95.143   0.000   0.025   0.300
   4.022  95.571   0.000   0.025   0.300
   4.022  96.000   0.000   0.025   0.300
   4.022  96.429   0.000   0.025   0.300
   4.022  96.857   0.000   0.025   0.300
   4.022  97.286   0.000   0.025   0.300
   4.022  97.714   0.000   0.025   0.300
   4.022  98.143   0.000   0.025   0.300
   4.022  98.571   0.000   0.025   0.300
   4.022  99.000   0.000   0.025   0.300
   4.022  99.429   0.000   0.025   0.300
   4.022  99.857   0.000   0.025   0.300
   4.022 100.286   0.000   0.025   0.300
   4.022 100.714   0.000   0.025   0.300
   4.022 101.143   0.000   0.025   0.300
   4.022 101.571   0.000   0.025   0.300
   4.022 102.000   0.000   0.025   0.300
   4.022 102.429   0.000   0.025   0.300
   4.022 102.857   0.000   0.025   0.300
   4.022 103.286   0.000   0.025   0.300
   4.022 103.714   0.000   0.025   0.300
   4.022 104.143   0.000   0.025   0.300
   4.022 105.857   0.000   0.025   0.300
   4.022 106.286   0.000   0.025   0.300
   4.022 106.714   0.000   0.025   0.300
   4.022 107.143   0.000   0.025   0.300
   4.022 107.571   0.000   0.025   0.300
   4.022 108.000   0.000   0.025   0.300
   4.022 108.429   0.000   0.025   0.300
   4.022 108.857   0.000   0.025   0.300
   4.022 109.286   0.000   0.025   0.300
   4.022 109.714   0.000   0.025   0.300
   4.022 110.143   0.000   0.025   0.300
   4.022 110.571   0.000   0.025   0.300
   4.022 111.000   0.000   0.025   0.300
   4.022 111.429   0.000   0.025   0.300
   4.022 111.857   0.000   0.025   0.300
   4.022 112.286   0.000   0.025   0.300
   4.022 112.714   0.000   0.025   0.300
   4.022 113.143   0.000   0.025   0.300
   4.022 113.571   0.000   0.025   0.300
   4.022 114.000   0.000   0.025   0.300
   4.022 114.429   0.000   0.025   0.300
   4.022 114.857   0.000   0.025   0.300
   4.022 115.286   0.000   0.025   0.300
   4.022 115.714   0.000   0.025   0.300
   4.022 116.143   0.000   0.025   0.300
   4.022 116.571   0.000   0.025   0.300
   4.022 117.000   0.000   0.025   0.300
   4.022 117.429   0.000   0.025   0.300
   4.022 117.857   0.000   0.025   0.300
   4.022 118.286   0.000   0.025   0.300
   4.022 118.714   0.000   0.025   0.300
   4.022 119.143   0.000   0.025   0.300
   4.022 120.857   0.000   0.025   0.300
   4.022 121.286   0.000   0.025   0.300
   4.022 121.714   0.000   0.025   0.300
   4.022 122.143   0.000   0.025   0.300
   4.022 122.571   0.000   0.025   0.300
   4.022 123.000   0.000   0.025   0.300
   4.022 123.429   0.000   0.025   0.300
   4.022 123.857   0.000   0.025   0.300
   4.022 124.286   0.000   0.025   0.300
   4.022 124.714   0.000   0.025   0.300
   4.022 125.143   0.000   0.025   0.300
   4.022 125.571   0.000   0.025   0.300
   4.022 126.000   0.000   0.025   0.300
   4.022 126.429   0.000   0.025   0.300
   4.022 126.857   0.000   0.025   0.300
   4.022 127.286   0.000   0.025   0.300
   4.022 127.714   0.000   0.025   0.300
   4.022 128.143   0.000   0.025   0.300
   4.022 128.571   0.000   0.025   0.300
   4.022 129.000   0.000   0.025   0.300
   4.022 129.429   0.000   0.025   0.300
   4.022 129.857   0.000   0.025   0.300
   4.022 130.286   0.000   0.025   0.300
   4.022 130.714   0.000   0.025   0.300
   4.022 131.143   0.000   0.025   0.300
   4.022 131.571   0.000   0.025   0.300
   4.022 132.000   0.000   0.025   0.300
   4.022 132.429   0.000   0.025   0.300
   4.022 132.857   0.000   0.025   0.300
   4.022 133.286   0.000   0.025   0.300
   4.022 133.714   0.000   0.025   0.300
   4.022 134.143   0.000   0.025   0.300
