32
2.512   9.31  180.0   0.025   0.200    
2.512   9.93  180.0   0.025   0.200    
2.512  10.56  180.0   0.025   0.200    
2.512  11.18  180.0   0.025   0.200    
2.512  11.81  180.0   0.025   0.300    
2.512  12.43  180.0   0.025   0.300    
2.512  13.06  180.0   0.025   0.300
2.512  13.68  180.0   0.025   0.300    
2.512  14.31  180.0   0.025   0.300    
2.512  14.93  180.0   0.025   0.300    
2.512  15.56  180.0   0.025   0.300    
2.512  16.18  180.0   0.025   0.300    
2.512  16.81  180.0   0.025   0.300    
2.512  17.43  180.0   0.025   0.300    
2.512  18.06  180.0   0.025   0.300
2.512  18.68  180.0   0.025   0.300    
2.512  19.31  180.0   0.025   0.300    
2.512  19.93  180.0   0.025   0.300    
2.512  20.56  180.0   0.025   0.300    
2.512  21.18  180.0   0.025   0.300    
2.512  21.81  180.0   0.025   0.300    
2.512  22.43  180.0   0.025   0.300    
2.512  23.06  180.0   0.025   0.300
2.512  23.68  180.0   0.025   0.300    
2.512  24.31  180.0   0.025   0.300    
2.512  24.93  180.0   0.025   0.300    
2.512  25.56  180.0   0.025   0.300    
2.512  26.18  180.0   0.025   0.300    
2.512  26.81  180.0   0.025   0.300    
2.512  27.43  180.0   0.025   0.300    
2.512  28.06  180.0   0.025   0.300
2.512  28.68  180.0   0.025   0.300
