   51 
     1.470    25.750     0.000     0.048     0.071
     1.470    28.500     0.000     0.048     0.071
     1.470    31.250     0.000     0.048     0.071
     1.470    34.000     0.000     0.048     0.071
     1.470    36.750     0.000     0.048     0.071
     1.470    39.500     0.000     0.048     0.071
     1.470    42.250     0.000     0.048     0.071
     1.470    44.750     0.000     0.044     0.071
     1.470    47.250     0.000     0.044     0.071
     1.470    49.750     0.000     0.048     0.071
     1.470    52.250     0.000     0.052     0.071
     1.470    55.250     0.000     0.052     0.071
     1.470    57.750     0.000     0.048     0.071
     1.470    60.500     0.000     0.048     0.071
     1.470    63.250     0.000     0.048     0.071
     1.470    65.750     0.000     0.044     0.071
     1.470    68.250     0.000     0.044     0.071
     1.470    70.750     0.000     0.048     0.071
     1.470    73.500     0.000     0.048     0.071
     1.470    76.250     0.000     0.048     0.071
     1.470    79.000     0.000     0.048     0.071
     1.470    81.750     0.000     0.048     0.071
     1.470    84.500     0.000     0.048     0.071
     1.470    87.250     0.000     0.048     0.071
     1.470    89.750     0.000     0.048     0.071
     1.470    92.500     0.000     0.048     0.071
     1.470    95.250     0.000     0.048     0.071
     1.470    97.750     0.000     0.044     0.071
     1.470   100.250     0.000     0.044     0.071
     1.470   102.750     0.000     0.044     0.071
     1.470   105.250     0.000     0.044     0.071
     1.470   107.750     0.000     0.048     0.071
     1.470   110.250     0.000     0.048     0.071
     1.470   113.000     0.000     0.048     0.071
     1.470   115.750     0.000     0.048     0.071
     1.470   118.250     0.000     0.044     0.071
     1.470   120.750     0.000     0.048     0.071
     1.470   123.500     0.000     0.048     0.071
     1.470   126.250     0.000     0.048     0.071
     1.470   128.750     0.000     0.044     0.071
     1.470   131.250     0.000     0.044     0.071
     1.470   133.750     0.000     0.048     0.071
     1.470   136.500     0.000     0.048     0.071
     1.470   139.250     0.000     0.048     0.071
     1.470   142.000     0.000     0.048     0.071
     1.470   144.750     0.000     0.048     0.071
     1.470   147.250     0.000     0.048     0.071
     1.470   150.000     0.000     0.048     0.071
     1.470   152.750     0.000     0.048     0.071
     1.470   155.250     0.000     0.048     0.071
     1.470   158.000     0.000     0.048     0.071
